1	-26.3655	-2.38278	0.430494	-0.45419	-0.477083	0.548325	0.515213
2	-26.3508	-2.38976	0.427833	-0.454051	-0.477024	0.548372	0.51534
3	-26.3915	-2.39224	0.448885	-0.454266	-0.477533	0.547939	0.515139
4	-26.4181	-2.3946	0.457589	-0.454382	-0.477501	0.547856	0.515155
5	-26.4971	-2.37534	0.45925	-0.454313	-0.477579	0.548512	0.514445
6	-26.5766	-2.40532	0.448838	-0.454263	-0.477355	0.548022	0.515219
7	-26.6779	-2.41298	0.449049	-0.454273	-0.47732	0.548105	0.515154
8	-26.7711	-2.41624	0.460963	-0.454296	-0.477523	0.548025	0.51503
9	-26.873	-2.43563	0.459817	-0.454376	-0.477239	0.548114	0.515128
10	-27.0046	-2.43793	0.467082	-0.454226	-0.477421	0.548019	0.515192
11	-27.147	-2.4525	0.472753	-0.454508	-0.477295	0.548022	0.515058
12	-27.3017	-2.46964	0.466588	-0.454592	-0.477021	0.548142	0.51511
13	-27.4616	-2.47815	0.477978	-0.454418	-0.477389	0.547756	0.515333
14	-27.6514	-2.47594	0.477975	-0.454166	-0.477273	0.548315	0.515068
15	-27.8522	-2.49865	0.476036	-0.454269	-0.477221	0.548152	0.515199
16	-28.048	-2.50041	0.498605	-0.454283	-0.477692	0.548038	0.514872
17	-28.2625	-2.53449	0.514668	-0.454459	-0.477584	0.547689	0.515188
18	-28.5083	-2.54284	0.496134	-0.454097	-0.477429	0.548047	0.51527
19	-28.7446	-2.56843	0.497481	-0.454238	-0.477205	0.54801	0.515392
20	-29.0148	-2.58953	0.502391	-0.454398	-0.47699	0.548047	0.51541
21	-29.2737	-2.58687	0.524287	-0.454167	-0.477652	0.547981	0.515071
22	-29.5525	-2.61086	0.537885	-0.454627	-0.47751	0.547961	0.514818
23	-29.8628	-2.6421	0.54945	-0.454566	-0.477583	0.5477	0.515083
24	-30.1951	-2.64666	0.533565	-0.453957	-0.477521	0.54813	0.515219
25	-30.4968	-2.68604	0.551878	-0.454461	-0.47724	0.548102	0.515066
26	-30.8515	-2.70754	0.563332	-0.454465	-0.477488	0.547943	0.515001
27	-31.1916	-2.72725	0.584519	-0.454599	-0.477638	0.547824	0.51487
28	-31.5729	-2.76589	0.565979	-0.45435	-0.477168	0.548065	0.515269
29	-31.9314	-2.77671	0.594422	-0.454208	-0.477873	0.547602	0.515233
30	-32.3356	-2.80272	0.595405	-0.454492	-0.477334	0.548165	0.514884
31	-32.7417	-2.83613	0.605421	-0.454274	-0.477524	0.547991	0.515085
32	-33.172	-2.88716	0.603375	-0.454362	-0.477166	0.547744	0.515601
33	-33.6004	-2.91707	0.625403	-0.454587	-0.477094	0.547777	0.515435
34	-34.0428	-2.93688	0.637509	-0.45451	-0.477333	0.547735	0.515326
35	-34.5032	-2.96764	0.648554	-0.454512	-0.477387	0.547781	0.515225
36	-34.9873	-2.99881	0.668202	-0.454303	-0.4777	0.547666	0.515243
37	-35.4753	-3.032	0.67635	-0.454473	-0.477506	0.54758	0.515362
38	-35.9777	-3.05301	0.68813	-0.454266	-0.477543	0.548032	0.515031
39	-36.4855	-3.09394	0.706141	-0.45458	-0.477475	0.547888	0.51497
40	-37.014	-3.14152	0.707063	-0.454328	-0.477563	0.547665	0.515347
41	-37.5548	-3.16569	0.71438	-0.454177	-0.477323	0.548206	0.515129
42	-38.1263	-3.22594	0.740267	-0.454579	-0.477431	0.547498	0.51543
43	-38.6926	-3.26653	0.745693	-0.454431	-0.477423	0.547688	0.515374
44	-39.2784	-3.29913	0.760659	-0.454701	-0.477188	0.547828	0.515225
45	-39.8763	-3.34366	0.781138	-0.454589	-0.477416	0.547624	0.515379
46	-40.4795	-3.37482	0.801111	-0.454651	-0.477477	0.547738	0.515065
47	-41.0989	-3.42062	0.813718	-0.454492	-0.477578	0.547596	0.515261
48	-41.7468	-3.47556	0.823902	-0.454576	-0.477243	0.547707	0.515379
49	-42.3846	-3.50619	0.837762	-0.45431	-0.477631	0.5476	0.515369
50	-43.0507	-3.55807	0.859935	-0.454309	-0.47769	0.547399	0.515528
51	-43.7123	-3.59477	0.86591	-0.454318	-0.477441	0.547936	0.51518
52	-44.4205	-3.64974	0.895383	-0.454464	-0.477641	0.547543	0.515285
53	-45.1362	-3.69441	0.899595	-0.454423	-0.477273	0.54797	0.515208
54	-45.8346	-3.75376	0.914723	-0.45451	-0.477184	0.547793	0.515402
55	-46.5649	-3.79533	0.942188	-0.454549	-0.477415	0.547785	0.515161
56	-47.329	-3.84589	0.954123	-0.454295	-0.477432	0.547775	0.515381
57	-48.0746	-3.89234	0.977139	-0.454464	-0.477393	0.547875	0.515161
58	-48.843	-3.95103	0.996457	-0.454455	-0.477447	0.547808	0.515191
59	-49.6389	-4.01714	1.00444	-0.454569	-0.477101	0.547822	0.515396
60	-50.4416	-4.06574	1.03457	-0.454679	-0.477241	0.547797	0.515196
61	-51.2546	-4.13795	1.05979	-0.454727	-0.477441	0.547292	0.515505
62	-52.0818	-4.18322	1.07403	-0.454508	-0.477472	0.547526	0.515421
63	-52.9144	-4.25174	1.10135	-0.454716	-0.477556	0.547229	0.515474
64	-53.7753	-4.29785	1.1094	-0.45458	-0.477348	0.54771	0.515276
65	-54.6463	-4.35627	1.13404	-0.454536	-0.477568	0.547553	0.515278
66	-55.5079	-4.40287	1.15597	-0.454562	-0.477551	0.547705	0.515109
67	-56.4028	-4.47854	1.18192	-0.454725	-0.477413	0.547593	0.515212
68	-57.3146	-4.52392	1.20975	-0.454483	-0.477697	0.547829	0.514911
69	-58.2486	-4.5973	1.2257	-0.454731	-0.477463	0.547548	0.515209
70	-59.1784	-4.66294	1.24022	-0.45466	-0.477273	0.547712	0.515276
71	-60.1237	-4.72834	1.26755	-0.45466	-0.477598	0.547375	0.515335
72	-61.0868	-4.78989	1.29607	-0.454702	-0.477548	0.547516	0.515175
73	-62.071	-4.85531	1.31209	-0.454558	-0.477397	0.5478	0.515163
74	-63.0599	-4.93977	1.33895	-0.454849	-0.477343	0.547493	0.515314
75	-64.0615	-5.00491	1.369	-0.454701	-0.477544	0.547367	0.515301
76	-65.0804	-5.08206	1.3791	-0.454702	-0.477385	0.547138	0.515742
77	-66.1034	-5.15129	1.40949	-0.45578	-0.476426	0.546328	0.516535
78	-67.1541	-5.20581	1.43541	-0.456978	-0.475366	0.544621	0.518253
79	-68.2089	-5.27866	1.47493	-0.458294	-0.474503	0.543	0.519581
80	-69.2805	-5.33748	1.48506	-0.458945	-0.47354	0.542684	0.520215
81	-70.3499	-5.37455	1.51524	-0.459471	-0.473118	0.542367	0.520465
82	-71.4435	-5.43502	1.53748	-0.459919	-0.47284	0.541691	0.521025
83	-72.5531	-5.48144	1.55446	-0.460066	-0.472293	0.54157	0.521517
84	-73.6731	-5.51625	1.5813	-0.460161	-0.472262	0.541415	0.521623
85	-74.8155	-5.57706	1.6117	-0.460567	-0.471893	0.541368	0.521648
86	-75.9527	-5.64351	1.63078	-0.460762	-0.471601	0.54101	0.522111
87	-77.1316	-5.69074	1.64777	-0.460546	-0.471487	0.541197	0.52221
88	-78.2975	-5.74059	1.68562	-0.460633	-0.471889	0.540969	0.522006
89	-79.4797	-5.78277	1.71635	-0.46092	-0.471552	0.541527	0.521478
90	-80.6791	-5.83844	1.73648	-0.460695	-0.471349	0.541638	0.521746
91	-81.8981	-5.88782	1.77366	-0.460557	-0.471832	0.541262	0.52182
92	-83.1224	-5.94572	1.79609	-0.46075	-0.471603	0.541485	0.521631
93	-84.3407	-6.00446	1.84375	-0.461126	-0.47168	0.541101	0.52156
94	-85.5852	-6.05077	1.87579	-0.461286	-0.471756	0.54132	0.521185
95	-86.8261	-6.11199	1.91362	-0.461471	-0.471652	0.541326	0.521109
96	-88.1205	-6.17744	1.92455	-0.461562	-0.471141	0.541626	0.52118
97	-89.3915	-6.25926	1.96819	-0.462004	-0.471038	0.541086	0.521441
98	-90.6826	-6.30657	2.01467	-0.462258	-0.471243	0.540988	0.521133
99	-91.9854	-6.37394	2.04507	-0.462293	-0.471156	0.540919	0.521253
100	-93.2971	-6.45683	2.08636	-0.462437	-0.471307	0.540244	0.521688
101	-94.6519	-6.51592	2.11147	-0.462519	-0.471096	0.540392	0.521652
102	-95.9936	-6.58913	2.15251	-0.462943	-0.471	0.539982	0.521788
103	-97.3836	-6.6079	2.15307	-0.462315	-0.470978	0.540895	0.521419
104	-98.7532	-6.68379	2.18474	-0.462152	-0.471168	0.540248	0.522062
105	-100.163	-6.73341	2.2052	-0.462053	-0.471092	0.540499	0.521958
106	-101.562	-6.79885	2.26839	-0.462384	-0.471625	0.539823	0.521884
107	-102.988	-6.87689	2.3039	-0.462963	-0.471304	0.539489	0.522007
108	-104.42	-6.94106	2.34052	-0.462811	-0.471575	0.539071	0.522337
109	-105.869	-7.00009	2.36431	-0.463025	-0.471313	0.539294	0.522144
110	-107.312	-7.03951	2.40078	-0.463142	-0.471627	0.539468	0.521576
111	-108.786	-7.10909	2.42469	-0.462897	-0.471447	0.53926	0.522172
112	-110.266	-7.16819	2.46796	-0.462674	-0.471962	0.539553	0.521601
113	-111.735	-7.37125	2.4949	-0.408654	-0.517854	0.59128	0.463915
114	-113.149	-7.97631	2.53453	-0.320147	-0.575843	0.655683	0.368768
115	-114.058	-9.20625	2.68874	-0.230576	-0.622174	0.698542	0.267902
116	-114.852	-10.4393	2.73507	-0.148157	-0.647429	0.726082	0.178002
117	-115.362	-11.8947	2.75342	-0.0902578	-0.658497	0.738382	0.114077
118	-115.718	-13.4107	2.77508	-0.0495195	-0.663399	0.743466	0.0686129
119	-115.895	-14.9434	2.79968	-0.019875	-0.665559	0.745164	0.0367937
120	-115.93	-16.538	2.81263	0.0014834	-0.666078	0.745766	0.0130937
121	-115.904	-18.1124	2.81073	0.0111446	-0.665889	0.745956	0.00175474
122	-115.851	-19.729	2.81596	0.010836	-0.665885	0.745973	0.00200878
123	-115.814	-21.3179	2.82017	0.0111392	-0.665683	0.74614	0.00198179
124	-115.778	-22.9296	2.83413	0.0114012	-0.665711	0.74612	0.00213151
125	-115.714	-24.5622	2.84896	0.0109346	-0.665903	0.745945	0.00238955
126	-115.685	-26.2064	2.85162	0.0110972	-0.665858	0.745992	0.00244307
127	-115.648	-27.8542	2.85741	0.0107635	-0.665767	0.74607	0.00199844
128	-115.598	-29.5174	2.8724	0.0107094	-0.665918	0.745944	0.0022598
129	-115.571	-31.1803	2.88007	0.0110595	-0.665859	0.745983	0.00205319
130	-115.537	-32.8662	2.89444	0.0108879	-0.665983	0.745886	0.00179069
131	-115.477	-34.5616	2.90509	0.0105103	-0.665968	0.745894	0.00207238
132	-115.429	-36.2735	2.91059	0.0106574	-0.665883	0.745976	0.00250532
133	-115.403	-37.9834	2.92136	0.0109792	-0.66586	0.745984	0.00208066
134	-115.368	-39.7269	2.93856	0.0107861	-0.666092	0.745789	0.0019152
135	-115.323	-41.4409	2.92711	0.0110093	-0.665692	0.746133	0.00216392
136	-115.276	-43.1826	2.93593	0.0105286	-0.665631	0.746205	0.00175802
137	-115.246	-44.9372	2.94657	0.0108247	-0.665681	0.746147	0.0016747
138	-115.196	-46.7072	2.95271	0.0106571	-0.665486	0.746331	0.00198961
139	-115.163	-48.4692	2.98249	0.0108034	-0.665891	0.74596	0.0015591
140	-115.106	-50.2599	2.9788	0.0101764	-0.665662	0.746182	0.00143931
141	-115.07	-52.0659	2.98747	0.0105244	-0.665673	0.746159	0.00158129
142	-115.03	-53.8672	3.00277	0.0104143	-0.665767	0.746086	0.00127205
143	-114.98	-55.682	3.02029	0.0105649	-0.665884	0.74597	0.00163304
144	-114.926	-57.5064	3.04	0.0104694	-0.666142	0.745749	0.00198402
145	-114.886	-59.3627	3.02945	0.0108197	-0.665673	0.746153	0.00209148
146	-114.854	-61.2055	3.03877	0.0109417	-0.665691	0.746146	0.00174161
147	-114.791	-63.0588	3.05938	0.0105762	-0.66593	0.745928	0.00196324
148	-114.749	-64.9367	3.07347	0.0105448	-0.66587	0.745991	0.0018576
149	-114.716	-66.8194	3.08529	0.0110709	-0.665959	0.745895	0.00177369
150	-114.676	-68.7295	3.09157	0.0107245	-0.665869	0.74599	0.00115725
151	-114.611	-70.6358	3.11064	0.0103976	-0.66602	0.745851	0.00161427
152	-114.585	-72.5315	3.11613	0.0107311	-0.665975	0.745896	0.00118559
153	-114.53	-74.4741	3.12036	0.0107041	-0.665848	0.746	0.00157946
154	-114.481	-76.4038	3.13099	0.00740794	-0.665982	0.745914	0.00505566
155	-114.519	-78.3723	3.12803	-0.018747	-0.665202	0.745618	0.0345763
156	-114.765	-80.3044	3.16158	-0.0571389	-0.663026	0.742518	0.0761466
157	-115.261	-82.2184	3.15527	-0.115552	-0.654479	0.733748	0.141087
158	-116.177	-83.9686	3.20556	-0.206007	-0.63217	0.707318	0.240049
159	-117.624	-85.3024	3.24104	-0.323641	-0.58115	0.648337	0.370357
160	-119.486	-86.0071	3.25808	-0.425491	-0.511229	0.569903	0.482507
161	-121.539	-86.1537	3.26998	-0.464737	-0.476078	0.530761	0.525036
162	-123.598	-86.1987	3.27757	-0.46449	-0.47595	0.531209	0.524917
163	-125.638	-86.2713	3.29808	-0.464462	-0.476023	0.530922	0.525166
164	-127.712	-86.3393	3.31335	-0.464329	-0.47623	0.530525	0.525496
165	-129.757	-86.3826	3.33548	-0.464483	-0.476337	0.53086	0.524925
166	-131.849	-86.4554	3.35697	-0.464497	-0.476419	0.530494	0.525209
167	-133.943	-86.5186	3.37473	-0.464679	-0.476285	0.530586	0.52508
168	-136.036	-86.5712	3.373	-0.464028	-0.476484	0.530708	0.525342
169	-138.133	-86.6339	3.38511	-0.463958	-0.476491	0.530765	0.525345
170	-140.247	-86.6911	3.39592	-0.464107	-0.476371	0.531	0.525085
171	-142.363	-86.7438	3.42939	-0.464	-0.476837	0.531033	0.524723
172	-144.483	-86.8116	3.43005	-0.46398	-0.476502	0.531252	0.524824
173	-146.604	-86.8748	3.45712	-0.464096	-0.476647	0.531143	0.524699
174	-148.739	-86.9518	3.46952	-0.464182	-0.476378	0.531135	0.524876
175	-150.894	-87.014	3.49072	-0.464129	-0.47663	0.53115	0.524679
176	-153.057	-87.0897	3.4989	-0.464153	-0.476372	0.531194	0.524847
177	-155.225	-87.1491	3.51527	-0.46402	-0.476394	0.531297	0.524841
178	-157.404	-87.2168	3.53533	-0.464117	-0.476392	0.531259	0.524795
179	-159.588	-87.2639	3.55302	-0.471645	-0.469233	0.522483	0.533276
180	-161.749	-87.0561	3.55661	-0.519636	-0.415471	0.463476	0.585279
181	-163.787	-86.1902	3.5776	-0.591754	-0.306338	0.340878	0.663164
182	-165.159	-84.5173	3.55912	-0.652439	-0.139351	0.154582	0.728704
183	-165.623	-82.4086	3.55554	-0.668124	-0.0157916	0.0166366	0.743696
184	-165.683	-80.2211	3.54362	-0.668003	-0.00828625	0.00822716	0.744067
185	-165.778	-78.0255	3.55957	-0.668292	-0.0081502	0.00765389	0.743815
186	-165.846	-75.8125	3.55979	-0.668504	-0.00805858	0.00805937	0.743621
187	-165.922	-73.6026	3.55171	-0.668246	-0.00811365	0.00811114	0.743852
188	-166.005	-71.3805	3.55493	-0.668452	-0.00797939	0.00816891	0.743668
189	-166.085	-69.1728	3.55454	-0.668255	-0.00823084	0.00781162	0.743846
190	-166.163	-66.9289	3.55965	-0.668481	-0.00806565	0.00819905	0.743641
191	-166.227	-64.7	3.5502	-0.668339	-0.00804376	0.00855285	0.743764
192	-166.305	-62.4726	3.54504	-0.668312	-0.00827663	0.00852724	0.743787
193	-166.386	-60.21	3.53825	-0.668165	-0.00835264	0.00824179	0.743921
194	-166.461	-57.9615	3.54486	-0.668373	-0.00828866	0.00855404	0.743731
195	-166.554	-55.7016	3.53699	-0.66821	-0.00800554	0.00851932	0.743881
196	-166.637	-53.4168	3.53791	-0.668262	-0.00821847	0.00845332	0.743833
197	-166.727	-51.1452	3.54029	-0.668397	-0.00764656	0.00844208	0.743717
198	-166.785	-48.8677	3.52143	-0.667956	-0.00822131	0.00876993	0.744103
199	-166.864	-46.6055	3.54483	-0.668466	-0.00871741	0.0085006	0.743643
200	-166.961	-44.3229	3.53538	-0.668263	-0.00810179	0.00820441	0.743836
201	-167.033	-42.0476	3.53943	-0.668333	-0.00835448	0.00837998	0.743768
202	-167.105	-39.7528	3.5326	-0.668393	-0.00914804	0.00818021	0.743707
203	-167.192	-37.4617	3.53124	-0.668562	-0.00863228	0.00888984	0.743553
204	-167.294	-35.1384	3.53927	-0.668645	-0.00833327	0.0083987	0.743488
205	-167.365	-32.8364	3.51369	-0.66821	-0.00859109	0.00835951	0.743877
206	-167.434	-30.5146	3.52805	-0.66853	-0.00871522	0.00884613	0.743581
207	-167.512	-28.2001	3.53139	-0.66873	-0.0087969	0.00895635	0.743399
208	-167.601	-25.8522	3.54126	-0.669077	-0.00852409	0.00901823	0.743089
209	-167.697	-23.5276	3.51763	-0.668577	-0.00853947	0.0088172	0.743542
210	-167.778	-21.2348	3.52503	-0.668891	-0.0085093	0.00898333	0.743258
211	-167.864	-18.9199	3.5223	-0.668937	-0.00891056	0.00860821	0.743216
212	-167.941	-16.5733	3.50938	-0.668786	-0.00878977	0.00910102	0.743347
213	-168.022	-14.2334	3.51051	-0.668936	-0.0091192	0.00903773	0.743209
214	-168.121	-11.8742	3.50474	-0.669073	-0.00852733	0.00945914	0.743088
215	-168.198	-9.50229	3.49406	-0.668932	-0.00868906	0.00975002	0.743209
216	-168.279	-7.15714	3.50405	-0.669313	-0.00902637	0.00958051	0.742864
217	-168.346	-4.767	3.49218	-0.669176	-0.00925655	0.010314	0.742975
218	-168.455	-2.38419	3.4871	-0.669269	-0.00902455	0.00995354	0.742899
219	-168.543	0.0107437	3.48024	-0.66938	-0.00937348	0.0101374	0.742792
220	-168.631	2.40516	3.47772	-0.669379	-0.00917925	0.0105479	0.742789
221	-168.732	4.79474	3.46886	-0.669436	-0.00907236	0.0100456	0.742747
222	-168.824	7.21633	3.4607	-0.669497	-0.00898093	0.0105152	0.742686
223	-168.915	9.63234	3.45353	-0.669641	-0.00916755	0.0106409	0.742552
224	-169.026	12.0406	3.44923	-0.669742	-0.00945237	0.00964426	0.742471
225	-169.116	14.466	3.46602	-0.670281	-0.0094867	0.00977953	0.741982
226	-169.213	16.8664	3.44115	-0.670082	-0.008985	0.0104743	0.742159
227	-169.316	19.2993	3.44826	-0.670383	-0.00878428	0.0105958	0.741888
228	-169.408	21.7361	3.41731	-0.670189	-0.00906705	0.0106095	0.742059
229	-169.516	24.1775	3.40499	-0.670278	-0.00886884	0.0101934	0.741987
230	-169.598	26.6186	3.3893	-0.670213	-0.00896819	0.0105976	0.742039
231	-169.719	29.1143	3.37107	-0.670107	-0.00864294	0.0103019	0.742143
232	-169.799	31.5383	3.37368	-0.670452	-0.00923475	0.0102146	0.741825
233	-169.903	34.0161	3.36126	-0.670433	-0.00911399	0.0104415	0.741841
234	-169.99	36.4924	3.33451	-0.670162	-0.00859332	0.0112088	0.74208
235	-170.097	38.9412	3.3168	-0.670107	-0.00830135	0.0111792	0.742134
236	-170.2	41.4223	3.29396	-0.66987	-0.00873086	0.0109022	0.742347
237	-170.295	43.8848	3.28376	-0.670065	-0.00847816	0.0111494	0.74217
238	-170.389	46.3434	3.25959	-0.669862	-0.00864181	0.0111808	0.742351
239	-170.5	48.8	3.25183	-0.670091	-0.00855149	0.0109596	0.742148
240	-170.597	51.2621	3.24618	-0.670194	-0.00872239	0.0109322	0.742054
241	-170.696	53.7215	3.24621	-0.670427	-0.0086051	0.0112325	0.741841
242	-170.803	56.1903	3.21946	-0.670263	-0.00870253	0.010863	0.741993
243	-170.898	58.6566	3.20777	-0.67032	-0.00889801	0.010788	0.74194
244	-171.004	61.1128	3.20589	-0.670451	-0.00880203	0.0107381	0.741823
245	-171.077	63.5852	3.19095	-0.670709	-0.00881457	0.0114766	0.74158
246	-171.184	66.0878	3.15565	-0.670277	-0.00859316	0.0116328	0.74197
247	-171.282	68.5773	3.14755	-0.67046	-0.00907878	0.0114062	0.741802
248	-171.401	71.0439	3.13993	-0.670642	-0.00821163	0.0117127	0.741643
249	-171.497	73.5183	3.11095	-0.670386	-0.00408811	0.00600101	0.741977
250	-171.165	75.9409	3.09603	-0.661565	0.117278	-0.129722	0.729211
251	-169.689	77.5872	3.36597	-0.611409	0.308685	-0.337824	0.645576
252	-167.389	78.4689	3.26247	-0.527618	0.43293	-0.481582	0.549791
253	-164.962	78.6556	3.17118	-0.503939	0.458747	-0.512132	0.522798
254	-162.512	78.8249	3.10135	-0.503838	0.459414	-0.511964	0.522474
255	-160.077	78.9684	2.98967	-0.503735	0.458965	-0.511776	0.523152
256	-157.65	79.1199	2.90219	-0.503974	0.458767	-0.511939	0.522935
257	-155.225	79.2661	2.81208	-0.504334	0.458411	-0.511777	0.52306
258	-152.775	79.442	2.71656	-0.503651	0.45887	-0.512025	0.523072
259	-150.369	79.6147	2.63378	-0.503882	0.459042	-0.511893	0.522837
260	-147.94	79.7595	2.5301	-0.504354	0.458226	-0.512231	0.522717
261	-145.508	79.9188	2.45103	-0.503758	0.458826	-0.511762	0.523266
262	-143.08	80.0945	2.36305	-0.504016	0.45879	-0.51199	0.522825
263	-140.672	80.2461	2.27379	-0.504198	0.458454	-0.512231	0.522708
264	-138.246	80.3938	2.18797	-0.504114	0.458464	-0.511877	0.523128
265	-135.822	80.5505	2.08848	-0.50413	0.458417	-0.511712	0.523314
266	-133.426	80.7124	2.01111	-0.504406	0.45823	-0.511978	0.522952
267	-131.006	80.8889	1.92127	-0.504172	0.458746	-0.51171	0.522987
268	-128.598	81.0585	1.83137	-0.504164	0.45852	-0.512237	0.522677
269	-126.202	81.1779	1.74061	-0.504523	0.458268	-0.511363	0.523407
270	-123.817	81.3517	1.64839	-0.504728	0.457921	-0.511907	0.522981
271	-121.393	81.498	1.54944	-0.504614	0.457889	-0.511506	0.52351
272	-118.988	81.6642	1.47299	-0.50463	0.457952	-0.511544	0.523404
273	-116.584	81.8382	1.3806	-0.50414	0.458266	-0.511667	0.523479
274	-114.198	81.9948	1.3003	-0.504466	0.458371	-0.511468	0.523267
275	-111.795	82.1763	1.21169	-0.504765	0.458356	-0.511917	0.522557
276	-109.398	82.3236	1.13143	-0.5048	0.45858	-0.511336	0.522811
277	-107.023	82.4921	1.03741	-0.504505	0.458658	-0.511339	0.523106
278	-104.638	82.6425	0.949236	-0.504577	0.45836	-0.511348	0.523289
279	-102.257	82.7988	0.840389	-0.504701	0.45785	-0.511605	0.523365
280	-99.8488	82.9656	0.768436	-0.504507	0.458378	-0.511174	0.52351
281	-97.4514	83.1254	0.676705	-0.504404	0.458386	-0.511125	0.523651
282	-95.0865	83.2916	0.582626	-0.504609	0.458179	-0.511344	0.523421
283	-92.6856	83.4416	0.475648	-0.504226	0.457943	-0.51126	0.524078
284	-90.2912	83.6124	0.396782	-0.503983	0.45831	-0.511117	0.52413
285	-87.9166	83.7767	0.297193	-0.504226	0.457882	-0.511501	0.523896
286	-85.5427	83.945	0.200006	-0.504022	0.45794	-0.511604	0.523941
287	-83.1693	84.1166	0.135001	-0.504415	0.45809	-0.511671	0.523366
288	-80.8199	84.2707	0.0342729	-0.504139	0.457856	-0.511723	0.523784
289	-78.4633	84.4458	-0.0420674	-0.50396	0.458335	-0.511501	0.523755
290	-76.1343	84.598	-0.130613	-0.504062	0.457928	-0.511559	0.523955
291	-73.7903	84.751	-0.210439	-0.503995	0.458105	-0.511311	0.524126
292	-71.457	84.9361	-0.306984	-0.503862	0.457849	-0.512265	0.523596
293	-69.1361	85.0721	-0.372806	-0.504034	0.458173	-0.51139	0.523935
294	-66.8229	85.238	-0.455617	-0.504184	0.458097	-0.51148	0.523769
295	-64.5063	85.3822	-0.554762	-0.503992	0.457679	-0.511584	0.524217
296	-62.1963	85.5411	-0.63403	-0.503911	0.457932	-0.511532	0.524125
297	-59.9087	85.6989	-0.705835	-0.504181	0.457994	-0.511624	0.52372
298	-57.6228	85.846	-0.804106	-0.50399	0.457565	-0.511412	0.524487
299	-55.3276	86.0205	-0.877539	-0.503993	0.457895	-0.511566	0.524045
300	-53.056	86.1682	-0.950389	-0.503987	0.45801	-0.51127	0.524239
301	-50.7644	86.3323	-1.03114	-0.503956	0.458257	-0.511535	0.523795
302	-48.5171	86.4752	-1.11724	-0.504126	0.457613	-0.511681	0.524052
303	-46.2481	86.63	-1.19645	-0.504057	0.457986	-0.511303	0.52416
304	-43.9736	86.7837	-1.28245	-0.50438	0.457676	-0.511357	0.524069
305	-41.7038	86.9331	-1.36526	-0.504	0.457987	-0.511103	0.52441
306	-39.4624	87.0875	-1.45563	-0.503737	0.457962	-0.511064	0.524717
307	-37.2152	87.2464	-1.53782	-0.503834	0.457881	-0.51137	0.524438
308	-34.9807	87.4151	-1.61828	-0.504131	0.457403	-0.511876	0.52404
309	-32.7348	87.5487	-1.69015	-0.50417	0.45751	-0.511376	0.524397
310	-30.5068	87.7153	-1.7758	-0.504001	0.457465	-0.511647	0.524335
311	-28.2716	87.8536	-1.83418	-0.504405	0.457791	-0.510927	0.524363
312	-26.0646	88.0144	-1.92057	-0.504233	0.457697	-0.511027	0.524513
313	-23.8758	88.1672	-1.99466	-0.504396	0.457583	-0.511105	0.52438
314	-21.6668	88.3304	-2.06857	-0.504505	0.457545	-0.511376	0.524044
315	-19.4685	88.4795	-2.14403	-0.504295	0.457797	-0.511083	0.524312
316	-17.2808	88.6305	-2.23318	-0.504188	0.457597	-0.511156	0.524518
317	-15.09	88.7735	-2.32431	-0.50443	0.457221	-0.511081	0.524687
318	-12.9106	88.9446	-2.39243	-0.504134	0.457645	-0.511211	0.524474
319	-10.7489	89.0835	-2.48268	-0.503858	0.457324	-0.511237	0.524995
320	-8.57854	89.2456	-2.53973	-0.484079	0.477498	-0.534497	0.501972
321	-6.4795	88.7637	-2.62115	0.373999	-0.560833	0.633389	-0.380013
322	-4.75423	87.4534	-2.65532	0.248646	-0.618915	0.70436	-0.242891
323	-3.59097	85.6538	-2.65825	0.160679	-0.642945	0.734179	-0.147598
324	-2.80083	83.5875	-2.63468	0.107025	-0.651705	0.745715	-0.0879455
325	-2.31632	81.4821	-2.58163	0.071697	-0.655297	0.75025	-0.0507078
326	-1.98775	79.3333	-2.54343	0.0479727	-0.656151	0.752738	-0.0234413
327	-1.7991	77.2016	-2.46557	0.0403054	-0.656992	0.752651	-0.015925
328	-1.59822	75.0375	-2.41147	0.0399772	-0.656857	0.752784	-0.0160328
329	-1.40716	72.8891	-2.36703	0.0404605	-0.656932	0.752698	-0.0157986
330	-1.21044	70.8033	-2.30654	0.0402363	-0.656812	0.752817	-0.0156524
331	-1.01201	68.6937	-2.25518	0.0402107	-0.656677	0.752945	-0.015235
332	-0.836624	66.603	-2.20679	0.0402452	-0.656576	0.753016	-0.0159689
333	-0.629179	64.4963	-2.14229	0.0398126	-0.657008	0.752669	-0.0156044
334	-0.450901	62.4109	-2.07847	0.0396227	-0.65709	0.752597	-0.0161296
335	-0.272773	60.3298	-2.02995	0.0394402	-0.657035	0.752637	-0.0168241
336	-0.0974516	58.2344	-1.98072	0.0398561	-0.657014	0.752632	-0.0167204
337	0.105909	56.1788	-1.91765	0.0399782	-0.657143	0.752523	-0.0158465
338	0.289311	54.1465	-1.86858	0.0396678	-0.657065	0.752613	-0.0162714
339	0.462734	52.1006	-1.81833	0.0398666	-0.657068	0.752579	-0.0165445
340	0.655137	50.0342	-1.7529	0.0398559	-0.657355	0.752352	-0.0162217
341	0.83385	48.0013	-1.70046	0.040188	-0.657183	0.752473	-0.0160145
342	1.006	45.9921	-1.6612	0.0404574	-0.657149	0.752499	-0.016261
343	1.20363	43.9536	-1.60373	0.0400003	-0.657111	0.752536	-0.0164591
344	1.36235	41.9476	-1.58134	0.0397831	-0.656624	0.752968	-0.0173673
345	1.56001	39.9559	-1.50153	0.0401371	-0.657188	0.752455	-0.0167866
346	1.72973	37.9409	-1.45802	0.0405191	-0.656958	0.752646	-0.0169842
347	1.89448	35.9584	-1.4093	0.0403525	-0.656917	0.752655	-0.0178425
348	2.08372	33.9875	-1.34293	0.0403201	-0.657262	0.752381	-0.0174411
349	2.26883	32.0163	-1.29863	0.0404207	-0.656999	0.75259	-0.0174002
350	2.45564	30.0466	-1.25295	0.0403091	-0.656971	0.752644	-0.0171007
351	2.64619	28.1511	-1.21096	0.0399962	-0.656878	0.752727	-0.0170212
352	2.81664	26.2174	-1.14767	0.0410773	-0.657315	0.752311	-0.0166755
353	2.98765	24.2866	-1.0842	0.0408179	-0.657542	0.752103	-0.0170287
354	3.1723	22.3594	-1.04663	0.0404032	-0.657295	0.752354	-0.017165
355	3.35211	20.4751	-1.00588	0.0404388	-0.657095	0.75251	-0.0171776
356	3.53474	18.5539	-0.969061	0.0407897	-0.656942	0.752654	-0.0166044
357	3.72743	16.6532	-0.942296	0.0405485	-0.656575	0.752979	-0.0162405
358	3.89692	14.7675	-0.864964	0.0404843	-0.657111	0.752526	-0.0164407
359	4.06309	12.9128	-0.815418	0.0401125	-0.657091	0.752543	-0.0166789
360	4.24816	11.049	-0.759941	0.0402656	-0.657222	0.752443	-0.0163358
361	4.4319	9.20138	-0.750393	0.0398244	-0.656588	0.75301	-0.0160843
362	4.6058	7.34442	-0.685639	0.0393663	-0.656826	0.752837	-0.0163396
363	4.77756	5.50338	-0.627605	0.0394783	-0.65723	0.752479	-0.0155924
364	4.76619	3.69906	-0.572827	-0.0387992	-0.654828	0.751615	0.0690734
365	4.18661	2.00255	-0.503318	-0.170584	-0.631218	0.726783	0.210302
366	3.03824	0.649324	-0.346942	-0.297043	-0.584799	0.670794	0.346138
367	1.43782	-0.218244	-0.289214	-0.375799	-0.538576	0.618441	0.431523
368	-0.268156	-0.705078	-0.227028	-0.42136	-0.505	0.580386	0.480189
369	-2.00415	-0.955645	-0.170764	-0.449287	-0.481446	0.553435	0.509961
370	-3.7285	-1.07854	-0.127001	-0.458515	-0.473072	0.544311	0.519319
371	-5.4693	-1.16694	-0.0944736	-0.458199	-0.472947	0.544416	0.519602
372	-7.16899	-1.24797	-0.028944	-0.458519	-0.473378	0.544114	0.519244
373	-8.83442	-1.32941	0.00906054	-0.458561	-0.473202	0.544467	0.518998
374	-10.5291	-1.43844	0.0287965	-0.458406	-0.472605	0.544392	0.519774
375	-12.1823	-1.52547	0.0982604	-0.45901	-0.472986	0.543833	0.519482
376	-13.824	-1.63106	0.125764	-0.458839	-0.472914	0.543451	0.520077
377	-15.4728	-1.71414	0.152244	-0.458756	-0.47255	0.543665	0.520257
378	-17.0833	-1.7901	0.218263	-0.458961	-0.473005	0.543328	0.520015
379	-18.6964	-1.88194	0.266519	-0.459238	-0.472989	0.543104	0.52002
380	-20.28	-1.96218	0.289268	-0.458848	-0.472864	0.54323	0.520345
381	-21.8656	-2.05311	0.348011	-0.459262	-0.473128	0.542733	0.520258
382	-23.4356	-2.12652	0.372194	-0.459151	-0.472879	0.543057	0.520245
383	-25.0102	-2.22004	0.414571	-0.45933	-0.472909	0.542545	0.520593
384	-26.5425	-2.28517	0.458537	-0.459194	-0.472907	0.5429	0.520345
385	-28.0691	-2.38178	0.492544	-0.459363	-0.472811	0.54257	0.520628
386	-29.6013	-2.462	0.5227	-0.459424	-0.472598	0.542543	0.520796
387	-31.1105	-2.52264	0.568963	-0.459462	-0.472887	0.542602	0.520438
388	-32.5873	-2.61185	0.595622	-0.459567	-0.472608	0.542441	0.520766
389	-34.0666	-2.67359	0.640161	-0.459492	-0.472825	0.542539	0.520535
390	-35.6941	-2.75583	0.670227	-0.459447	-0.472953	0.541991	0.521011
391	-37.1891	-2.80856	0.700515	-0.45938	-0.472949	0.542534	0.520537
392	-38.5832	-2.89889	0.733369	-0.459423	-0.472752	0.542247	0.520964
393	-39.9673	-2.99227	0.787638	-0.459782	-0.472683	0.5421	0.520863
394	-41.409	-3.08087	0.8172	-0.459747	-0.472459	0.542045	0.521155
395	-42.8269	-3.13806	0.838631	-0.459604	-0.472382	0.542308	0.521077
396	-44.1284	-3.19536	0.906392	-0.460018	-0.472552	0.54228	0.520586
397	-45.5128	-3.25419	0.941556	-0.460084	-0.47264	0.542284	0.520444
398	-46.8576	-3.34806	0.977526	-0.460211	-0.472441	0.542298	0.520499
399	-48.2011	-3.42917	0.989183	-0.460435	-0.471885	0.542487	0.520608
400	-49.5936	-3.44499	1.03286	-0.460047	-0.472561	0.542531	0.520291
401	-50.8738	-3.505	1.07853	-0.460028	-0.472797	0.542253	0.520383
402	-52.2072	-3.61138	1.08271	-0.460153	-0.472293	0.542064	0.520927
403	-53.4455	-3.69265	1.12987	-0.46025	-0.472359	0.54205	0.520797
404	-54.7202	-3.78933	1.17037	-0.460676	-0.471981	0.541873	0.520943
405	-55.9645	-3.8448	1.2173	-0.460805	-0.472161	0.542131	0.520366
406	-57.194	-3.90224	1.26423	-0.460845	-0.472377	0.542093	0.520209
407	-58.4524	-4.00415	1.30351	-0.461229	-0.472097	0.541779	0.520449
408	-59.7276	-4.0441	1.37727	-0.461511	-0.472372	0.541633	0.520102
409	-60.9221	-4.11102	1.40401	-0.46156	-0.472314	0.541456	0.520295
410	-62.0687	-4.18882	1.42307	-0.461731	-0.472303	0.541298	0.520318
411	-63.2657	-4.25975	1.44864	-0.461645	-0.472423	0.540925	0.520673
412	-64.4642	-4.31575	1.47025	-0.461601	-0.472261	0.540965	0.520817
413	-65.6369	-4.34198	1.49012	-0.461498	-0.472237	0.541509	0.520365
414	-66.818	-4.41947	1.52506	-0.461422	-0.472718	0.541273	0.520241
415	-68.0503	-4.53401	1.55457	-0.461397	-0.472858	0.541002	0.520418
416	-69.2413	-4.57453	1.57811	-0.461005	-0.473237	0.541626	0.519771
417	-70.3808	-4.61882	1.54502	-0.460067	-0.472638	0.542685	0.520043
418	-71.4944	-4.6762	1.58261	-0.459954	-0.473388	0.542442	0.519714
419	-72.6082	-4.71888	1.62768	-0.460238	-0.473492	0.542651	0.519154
420	-73.7276	-4.77078	1.6383	-0.459816	-0.473604	0.542768	0.519292
421	-74.7851	-4.82752	1.68322	-0.460424	-0.473528	0.543022	0.518581
422	-75.8039	-4.8977	1.69019	-0.459453	-0.474204	0.542593	0.519255
423	-76.9323	-4.96195	1.70237	-0.459586	-0.473616	0.543284	0.518952
424	-78.0113	-5.02468	1.73294	-0.459391	-0.473929	0.543301	0.51882
425	-79.0762	-5.082	1.74126	-0.459121	-0.474011	0.543404	0.518877
426	-80.0848	-5.13315	1.77975	-0.459439	-0.474339	0.543319	0.518385
427	-81.0452	-5.17143	1.78246	-0.458822	-0.474074	0.544042	0.518416
428	-81.9838	-5.24055	1.81734	-0.459049	-0.474087	0.543692	0.51857
429	-82.8397	-5.2987	1.86287	-0.45935	-0.474382	0.543376	0.518364
430	-83.7295	-5.32513	1.8888	-0.459262	-0.474323	0.543885	0.517963
431	-84.6544	-5.36804	1.89039	-0.45894	-0.474429	0.544007	0.518023
432	-85.6136	-5.41013	1.86259	-0.458412	-0.474079	0.544669	0.518116
433	-86.5426	-5.49192	1.91633	-0.458642	-0.47435	0.544002	0.518364
434	-87.4589	-5.53444	1.97316	-0.458951	-0.474841	0.543749	0.517905
435	-88.3922	-5.6036	1.98381	-0.458945	-0.474551	0.543987	0.517928
436	-89.2958	-5.64902	1.99969	-0.458831	-0.47459	0.544095	0.517903
437	-90.115	-5.70668	2.0482	-0.458974	-0.475016	0.543831	0.517706
438	-90.9486	-5.78315	2.07279	-0.458966	-0.474917	0.543428	0.51816
439	-91.8425	-5.84145	2.07932	-0.459054	-0.474657	0.543759	0.517973
440	-92.6407	-5.86783	2.09592	-0.459194	-0.47464	0.543918	0.517698
441	-93.4454	-5.91884	2.12114	-0.459064	-0.474925	0.543872	0.5176
442	-94.2282	-6.01838	2.12602	-0.458958	-0.474584	0.543336	0.518568
443	-94.9882	-6.02595	2.14713	-0.458496	-0.475064	0.543617	0.518244
444	-95.6216	-6.10602	2.19544	-0.459347	-0.47496	0.542824	0.518417
445	-96.3263	-6.14491	2.19838	-0.459223	-0.474756	0.543032	0.518495
446	-97.0386	-6.19225	2.22344	-0.459725	-0.47466	0.543073	0.518095
447	-97.6836	-6.25489	2.28256	-0.459632	-0.475443	0.54195	0.518635
448	-98.3761	-6.28252	2.27443	-0.459747	-0.474895	0.542592	0.518364
449	-99.1252	-6.24192	2.26262	-0.458984	-0.475231	0.543601	0.517674
450	-99.7877	-6.26005	2.30912	-0.459476	-0.475666	0.543446	0.517001
451	-100.458	-6.27886	2.31485	-0.459521	-0.475448	0.543956	0.516625
452	-101.12	-6.34348	2.32333	-0.459162	-0.47569	0.543356	0.517351
453	-101.748	-6.37873	2.3567	-0.459446	-0.475607	0.543386	0.517133
454	-102.374	-6.37163	2.36129	-0.459428	-0.475731	0.544194	0.516196
455	-102.989	-6.39376	2.36921	-0.459118	-0.475845	0.544093	0.516473
456	-103.631	-6.47446	2.37009	-0.459106	-0.475679	0.543649	0.517104
457	-104.204	-6.47011	2.39802	-0.459216	-0.475937	0.544143	0.516249
458	-104.817	-6.45657	2.36603	-0.458365	-0.47597	0.545164	0.515897
459	-105.434	-6.48292	2.35137	-0.45839	-0.475571	0.545345	0.516052
460	-106.039	-6.55165	2.3494	-0.458575	-0.475236	0.545171	0.516379
461	-106.538	-6.55288	2.37258	-0.458508	-0.475333	0.545686	0.515806
462	-107.083	-6.5981	2.37417	-0.4582	-0.475459	0.545414	0.516251
463	-107.565	-6.636	2.39372	-0.458418	-0.475462	0.545194	0.516288
464	-108.043	-6.66392	2.39542	-0.458479	-0.475232	0.545583	0.516034
465	-108.528	-6.70037	2.39593	-0.458029	-0.475545	0.545184	0.516567
466	-108.976	-6.7203	2.4277	-0.458449	-0.475432	0.54524	0.516238
467	-109.424	-6.74952	2.4179	-0.458026	-0.475539	0.545272	0.516481
468	-109.861	-6.77435	2.44163	-0.458395	-0.475591	0.545169	0.516215
469	-110.289	-6.7837	2.45126	-0.458512	-0.475363	0.545902	0.515545
470	-110.699	-6.83781	2.44946	-0.458227	-0.475362	0.545157	0.516588
471	-111.081	-6.84797	2.4505	-0.458058	-0.475337	0.545446	0.516455
472	-111.469	-6.86246	2.46371	-0.457985	-0.475543	0.54546	0.516315
473	-111.853	-6.87586	2.47041	-0.458354	-0.475255	0.546018	0.515663
474	-112.199	-6.90621	2.48147	-0.458447	-0.475377	0.545548	0.515966
475	-112.52	-6.942	2.48193	-0.458315	-0.475292	0.545359	0.516358
476	-112.871	-6.95059	2.4831	-0.458317	-0.475166	0.545724	0.51609
477	-113.178	-6.96236	2.49535	-0.458046	-0.475597	0.545563	0.516111
478	-113.463	-6.98641	2.50475	-0.458359	-0.475171	0.545626	0.516151
479	-113.73	-7.00497	2.52105	-0.458219	-0.475643	0.545282	0.516213
480	-114.034	-6.99417	2.52421	-0.458024	-0.47584	0.545727	0.515744
481	-114.271	-7.03634	2.52419	-0.458299	-0.475337	0.545679	0.51604
482	-114.529	-7.04515	2.52638	-0.457964	-0.475611	0.545345	0.516394
483	-114.747	-7.05584	2.5352	-0.457968	-0.47569	0.545591	0.516058
484	-114.997	-7.06086	2.52879	-0.457716	-0.475918	0.545532	0.516133
485	-115.188	-7.08861	2.54072	-0.458046	-0.47557	0.545567	0.516124
486	-115.393	-7.0947	2.54477	-0.458234	-0.475432	0.545687	0.515957
487	-115.563	-7.12036	2.53428	-0.457839	-0.475199	0.545511	0.516708
488	-115.742	-7.12476	2.52953	-0.457671	-0.475279	0.545487	0.516809
489	-115.859	-7.12795	2.5459	-0.457925	-0.475499	0.545547	0.516317
490	-116.024	-7.12698	2.54435	-0.457868	-0.475487	0.545832	0.516077
491	-116.15	-7.13788	2.5627	-0.457975	-0.475627	0.545657	0.516039
492	-116.271	-7.15302	2.55156	-0.457865	-0.475505	0.54553	0.516383
493	-116.367	-7.16424	2.55173	-0.458205	-0.475143	0.545807	0.516123
494	-116.437	-7.16513	2.56453	-0.458217	-0.475343	0.545588	0.516159
495	-116.532	-7.16736	2.56447	-0.458103	-0.475509	0.545559	0.516138
496	-116.598	-7.17357	2.56141	-0.45802	-0.475391	0.545615	0.516261
497	-116.654	-7.19443	2.55799	-0.457651	-0.475356	0.545377	0.516872
498	-116.675	-7.18801	2.56755	-0.458282	-0.475188	0.545632	0.516197
499	-116.694	-7.17332	2.56416	-0.457789	-0.475655	0.545712	0.51612
500	-116.687	-7.18693	2.5723	-0.458219	-0.475569	0.54542	0.516127
