1	-35.4969	33.7888	-4.97804	-0.35313	-0.539472	0.647624	0.40602
2	-35.5174	33.7863	-4.98211	-0.353053	-0.539585	0.647735	0.405761
3	-35.5346	33.7772	-4.99162	-0.353076	-0.539259	0.647947	0.405834
4	-35.5658	33.7669	-4.97661	-0.353005	-0.539507	0.647809	0.405787
5	-35.6573	33.7214	-4.97182	-0.353097	-0.539413	0.647749	0.405928
6	-35.7276	33.7022	-4.98123	-0.352845	-0.539265	0.64817	0.405671
7	-35.8237	33.616	-4.96749	-0.353001	-0.539472	0.647559	0.406237
8	-35.9195	33.5856	-4.94837	-0.352907	-0.539744	0.647414	0.406192
9	-36.0506	33.5168	-4.93345	-0.352983	-0.539754	0.647342	0.406236
10	-36.1808	33.4468	-4.93333	-0.353213	-0.539389	0.647652	0.406047
11	-36.3247	33.3845	-4.91431	-0.352974	-0.539829	0.647172	0.406403
12	-36.4938	33.3168	-4.91943	-0.352826	-0.539533	0.647752	0.405998
13	-36.6568	33.239	-4.88773	-0.353162	-0.539791	0.647488	0.405785
14	-36.8381	33.138	-4.87475	-0.353131	-0.539682	0.647458	0.406005
15	-37.0463	33.0189	-4.86867	-0.352921	-0.53968	0.647173	0.406643
16	-37.2634	32.9251	-4.84613	-0.352993	-0.539753	0.647277	0.40632
17	-37.4978	32.7939	-4.84676	-0.353241	-0.539231	0.64745	0.406521
18	-37.7487	32.6989	-4.80935	-0.353268	-0.539748	0.647374	0.405933
19	-38.0255	32.5615	-4.80815	-0.353328	-0.539462	0.647352	0.406294
20	-38.2938	32.4176	-4.78945	-0.353277	-0.539443	0.64725	0.406526
21	-38.5744	32.2779	-4.76868	-0.352971	-0.539645	0.647133	0.406712
22	-38.8704	32.1344	-4.74138	-0.353365	-0.539366	0.647185	0.406656
23	-39.1893	31.9981	-4.7381	-0.352805	-0.53952	0.647388	0.406615
24	-39.5278	31.8163	-4.71006	-0.353255	-0.539253	0.64729	0.406728
25	-39.8779	31.639	-4.67988	-0.353335	-0.539267	0.647194	0.40677
26	-40.228	31.4642	-4.63805	-0.353778	-0.539342	0.647031	0.406573
27	-40.5882	31.2892	-4.61365	-0.353274	-0.539738	0.646724	0.406975
28	-40.9762	31.129	-4.59357	-0.353424	-0.539525	0.647157	0.406437
29	-41.39	30.9251	-4.58158	-0.353462	-0.539221	0.647335	0.406524
30	-41.7937	30.7089	-4.52684	-0.353587	-0.539567	0.646681	0.406999
31	-42.2089	30.5281	-4.50161	-0.353382	-0.539553	0.646969	0.406737
32	-42.6687	30.2944	-4.46494	-0.353472	-0.539732	0.646707	0.406838
33	-43.1128	30.0829	-4.43295	-0.353759	-0.539475	0.646711	0.406924
34	-43.5881	29.8448	-4.39978	-0.353916	-0.539374	0.646709	0.406923
35	-44.0887	29.6112	-4.3696	-0.353572	-0.539574	0.64662	0.407099
36	-44.5965	29.3799	-4.33707	-0.353881	-0.539323	0.646969	0.406609
37	-45.1093	29.1234	-4.30808	-0.353663	-0.539396	0.646714	0.407106
38	-45.6259	28.8791	-4.2498	-0.353692	-0.539745	0.646373	0.40716
39	-46.1689	28.608	-4.23516	-0.353776	-0.539369	0.646564	0.407281
40	-46.7178	28.3425	-4.1948	-0.353693	-0.53927	0.646687	0.407279
41	-47.2851	28.058	-4.1575	-0.353636	-0.539452	0.646241	0.407805
42	-47.8906	27.7998	-4.12125	-0.353633	-0.539268	0.646796	0.407171
43	-48.4766	27.5123	-4.08524	-0.353626	-0.539229	0.646721	0.407349
44	-49.1095	27.2183	-4.04058	-0.35363	-0.539261	0.646761	0.407239
45	-49.728	26.9123	-4.00813	-0.353725	-0.53903	0.646777	0.407437
46	-50.3564	26.6176	-3.94857	-0.353622	-0.53926	0.646662	0.407404
47	-51.0241	26.2797	-3.90885	-0.353844	-0.539106	0.6465	0.407673
48	-51.6943	25.9803	-3.84887	-0.353937	-0.539362	0.646546	0.40718
49	-52.3774	25.6501	-3.79903	-0.35386	-0.539362	0.64643	0.40743
50	-53.0731	25.3112	-3.76021	-0.353751	-0.539338	0.646401	0.407602
51	-53.7874	24.9582	-3.71343	-0.354059	-0.539182	0.646192	0.407875
52	-54.5197	24.6135	-3.66697	-0.353863	-0.539173	0.646368	0.407776
53	-55.2515	24.2524	-3.61611	-0.354086	-0.53898	0.646285	0.407969
54	-56.0151	23.8898	-3.55814	-0.354004	-0.53923	0.645984	0.408182
55	-56.7591	23.5124	-3.49808	-0.354297	-0.539168	0.645787	0.408295
56	-57.5517	23.144	-3.47638	-0.353908	-0.538774	0.646188	0.408551
57	-58.3359	22.7573	-3.41407	-0.353929	-0.539047	0.645801	0.408783
58	-59.1423	22.3659	-3.34348	-0.354168	-0.538927	0.645722	0.40886
59	-59.9752	21.9573	-3.29964	-0.354366	-0.538677	0.645657	0.409121
60	-60.793	21.5807	-3.23275	-0.354334	-0.538813	0.645648	0.408983
61	-61.6551	21.1617	-3.17393	-0.354307	-0.538968	0.645399	0.409194
62	-62.4999	20.769	-3.12245	-0.354382	-0.538766	0.645553	0.409153
63	-63.3786	20.333	-3.06265	-0.354513	-0.538617	0.645471	0.409365
64	-64.283	19.8943	-2.99729	-0.354825	-0.538439	0.645372	0.409485
65	-65.1956	19.466	-2.95058	-0.35449	-0.538399	0.64538	0.409815
66	-66.126	18.9987	-2.86711	-0.354913	-0.538528	0.644643	0.410439
67	-67.0423	18.561	-2.80231	-0.355111	-0.53821	0.64489	0.410296
68	-67.9842	18.138	-2.74643	-0.355082	-0.538143	0.645157	0.409987
69	-68.9737	17.6431	-2.69213	-0.355156	-0.537813	0.644953	0.410662
70	-69.9187	17.1789	-2.6097	-0.355329	-0.53806	0.644378	0.411107
71	-70.9142	16.7331	-2.54585	-0.355306	-0.538044	0.644617	0.410774
72	-71.9109	16.2574	-2.48059	-0.355235	-0.537896	0.644471	0.411258
73	-72.9227	15.7884	-2.40809	-0.355445	-0.537765	0.644588	0.411065
74	-73.9584	15.2937	-2.33574	-0.355424	-0.538008	0.644233	0.411321
75	-75.0077	14.7887	-2.2652	-0.355676	-0.537765	0.644027	0.411743
76	-76.0517	14.3075	-2.16507	-0.355696	-0.538383	0.643541	0.411678
77	-77.1271	13.8168	-2.10245	-0.356927	-0.537317	0.64304	0.412786
78	-78.1936	13.3377	-2.05421	-0.358517	-0.535762	0.642156	0.414802
79	-79.2908	12.8292	-1.96161	-0.359821	-0.535203	0.640994	0.416189
80	-80.407	12.3318	-1.89923	-0.360712	-0.534418	0.640548	0.417112
81	-81.5242	11.8282	-1.83407	-0.361334	-0.533824	0.640083	0.418047
82	-82.6699	11.2942	-1.75888	-0.362289	-0.533226	0.639454	0.418946
83	-83.8086	10.7963	-1.66936	-0.362432	-0.533215	0.63889	0.419698
84	-84.9878	10.2535	-1.58819	-0.363735	-0.53263	0.6384	0.420071
85	-86.1747	9.72901	-1.50823	-0.363988	-0.532482	0.638049	0.420557
86	-87.364	9.18346	-1.41871	-0.36428	-0.532285	0.637391	0.421552
87	-88.5614	8.66464	-1.34304	-0.364251	-0.532357	0.6373	0.421623
88	-89.7782	8.1374	-1.24975	-0.36473	-0.532169	0.637095	0.421756
89	-91.0185	7.58332	-1.17043	-0.36516	-0.531766	0.637124	0.421849
90	-92.2169	7.05481	-1.0767	-0.365422	-0.53175	0.636791	0.422144
91	-93.4773	6.50207	-0.99462	-0.365563	-0.531656	0.636603	0.422423
92	-94.7314	5.95272	-0.918098	-0.365613	-0.531478	0.636393	0.422922
93	-96.0144	5.41617	-0.844987	-0.365237	-0.531412	0.63659	0.423031
94	-97.2686	4.86246	-0.73194	-0.366028	-0.531549	0.636029	0.42302
95	-98.5667	4.31983	-0.650613	-0.365861	-0.531427	0.636185	0.423084
96	-99.8657	3.77584	-0.565043	-0.36574	-0.531651	0.635999	0.423187
97	-101.175	3.21587	-0.484611	-0.365853	-0.531352	0.636052	0.423385
98	-102.463	2.63408	-0.383441	-0.366351	-0.531332	0.63557	0.423708
99	-103.781	2.04952	-0.270994	-0.366892	-0.531399	0.635	0.424031
100	-105.133	1.48371	-0.190407	-0.36714	-0.531161	0.635079	0.42397
101	-106.467	0.858924	-0.114179	-0.367367	-0.530802	0.63428	0.425416
102	-107.83	0.294895	0.00117745	-0.367713	-0.531078	0.633932	0.425293
103	-109.207	-0.30634	0.0609618	-0.36762	-0.530385	0.633807	0.426422
104	-110.587	-0.899188	0.144165	-0.367942	-0.530123	0.633627	0.426738
105	-111.936	-1.52724	0.246335	-0.368981	-0.529462	0.63286	0.427798
106	-113.35	-2.11733	0.332976	-0.369093	-0.529323	0.63262	0.428228
107	-114.774	-2.68185	0.441684	-0.369484	-0.529332	0.632779	0.427645
108	-116.226	-3.31496	0.521117	-0.369383	-0.52905	0.632156	0.429001
109	-117.672	-3.91975	0.633099	-0.370245	-0.528874	0.631853	0.428921
110	-119.149	-4.51109	0.739757	-0.37032	-0.528861	0.631757	0.429013
111	-120.623	-5.1287	0.824471	-0.370398	-0.52862	0.631613	0.429456
112	-122.115	-5.70244	0.898537	-0.369303	-0.528611	0.632447	0.42918
113	-123.574	-6.45681	1.01302	-0.307221	-0.565584	0.672632	0.365097
114	-124.922	-7.81402	1.07044	-0.209034	-0.608117	0.718354	0.265454
115	-124.124	-10.3787	1.40064	-0.156816	-0.634146	0.728221	0.207274
116	-124.471	-11.5715	1.53998	-0.0737739	-0.652623	0.744492	0.119888
117	-124.727	-13.2688	1.53432	-0.0146796	-0.658901	0.750098	0.0546518
118	-124.764	-14.9343	1.57986	0.0270119	-0.660431	0.750331	0.0101812
119	-124.631	-16.5783	1.59462	0.0558174	-0.659903	0.748945	-0.0222134
120	-124.332	-18.2442	1.61528	0.0772488	-0.658804	0.746976	-0.0451184
121	-123.989	-19.8976	1.63229	0.0873003	-0.658187	0.745666	-0.0561108
122	-123.662	-21.5049	1.65388	0.08738	-0.658094	0.745681	-0.0568072
123	-123.311	-23.1234	1.66347	0.0873302	-0.657837	0.745898	-0.0569068
124	-122.942	-24.7774	1.69412	0.0871587	-0.658134	0.745682	-0.0567663
125	-122.587	-26.4136	1.71568	0.0870412	-0.658094	0.745722	-0.0566908
126	-122.198	-28.0874	1.73685	0.0868635	-0.658189	0.745716	-0.0561219
127	-121.851	-29.7501	1.74488	0.0870765	-0.65795	0.745867	-0.0563936
128	-121.485	-31.414	1.77028	0.087212	-0.65802	0.745827	-0.0560863
129	-121.115	-33.1072	1.78061	0.0871056	-0.658012	0.745841	-0.0559742
130	-120.752	-34.8235	1.78469	0.0871094	-0.657674	0.746133	-0.0562365
131	-120.388	-36.526	1.82856	0.0869495	-0.658098	0.745736	-0.0566036
132	-120.012	-38.2339	1.83918	0.0870301	-0.657859	0.74596	-0.0564806
133	-119.621	-39.9376	1.85846	0.0866655	-0.657955	0.745938	-0.0560317
134	-119.268	-41.6487	1.87445	0.0865875	-0.657899	0.745984	-0.0563867
135	-118.876	-43.3934	1.90124	0.0866654	-0.658005	0.745903	-0.0559079
136	-118.501	-45.1467	1.92555	0.0870158	-0.658068	0.745821	-0.0559018
137	-118.112	-46.9202	1.93648	0.0865432	-0.657962	0.745936	-0.0561625
138	-117.736	-48.6819	1.96913	0.0863757	-0.65809	0.74586	-0.0561199
139	-117.348	-50.4581	2.00133	0.0865545	-0.65843	0.745531	-0.056044
140	-116.952	-52.2413	2.00886	0.0864774	-0.658251	0.745744	-0.0556185
141	-116.571	-54.0574	2.0322	0.0868304	-0.658187	0.745748	-0.0555757
142	-116.189	-55.845	2.04656	0.0864774	-0.658132	0.74581	-0.0561348
143	-115.785	-57.6841	2.05882	0.086684	-0.658059	0.745907	-0.0551988
144	-115.385	-59.5193	2.08531	0.0865868	-0.658209	0.745806	-0.0551086
145	-114.991	-61.3486	2.12019	0.0863637	-0.658378	0.745647	-0.0553851
146	-114.613	-63.1873	2.13089	0.0865383	-0.658281	0.745704	-0.055707
147	-114.215	-65.0403	2.14294	0.0862401	-0.65812	0.745849	-0.05594
148	-113.814	-66.908	2.17615	0.086363	-0.65838	0.745619	-0.0559371
149	-113.412	-68.773	2.19029	0.086521	-0.658293	0.74566	-0.0559761
150	-113.001	-70.6515	2.21415	0.0866885	-0.658366	0.74562	-0.0555842
151	-112.624	-72.5526	2.24338	0.0868926	-0.658388	0.745502	-0.056396
152	-112.2	-74.4313	2.2501	0.0866553	-0.658438	0.745534	-0.0559441
153	-111.808	-76.3294	2.30293	0.0866156	-0.658959	0.745013	-0.056615
154	-111.408	-78.2493	2.30799	0.0837732	-0.659026	0.745529	-0.0534104
155	-111.072	-80.1816	2.33261	0.0573482	-0.660507	0.748214	-0.0244003
156	-110.934	-82.1616	2.3792	0.0186811	-0.661182	0.749793	0.0173275
157	-111.066	-84.1423	2.45808	-0.0405827	-0.658397	0.747088	0.0818817
158	-111.715	-86.0831	2.57907	-0.133084	-0.644649	0.73107	0.179588
159	-112.953	-87.6024	2.74666	-0.25362	-0.606882	0.686166	0.310684
160	-114.871	-88.8802	2.87447	-0.363318	-0.54697	0.620116	0.429278
161	-117.298	-89.5341	2.97512	-0.406043	-0.515755	0.586167	0.474871
162	-119.71	-90.1097	3.05438	-0.405766	-0.515952	0.585942	0.475205
163	-122.139	-90.6933	3.13218	-0.405815	-0.515898	0.585867	0.475281
164	-124.606	-91.2685	3.21778	-0.405839	-0.516143	0.585919	0.474964
165	-127.049	-91.7992	3.29784	-0.405173	-0.516598	0.586225	0.474627
166	-129.521	-92.3813	3.36392	-0.404676	-0.516877	0.58631	0.474674
167	-131.985	-92.9706	3.44494	-0.404961	-0.516462	0.586584	0.474511
168	-134.438	-93.5452	3.52887	-0.404981	-0.516688	0.586706	0.474131
169	-136.919	-94.1448	3.58873	-0.404748	-0.516627	0.586588	0.47451
170	-139.423	-94.7384	3.69215	-0.404797	-0.517135	0.58632	0.474279
171	-141.928	-95.3213	3.75854	-0.404471	-0.516862	0.587087	0.473873
172	-144.42	-95.9052	3.84347	-0.404389	-0.517305	0.587102	0.473473
173	-146.969	-96.5091	3.92326	-0.40454	-0.517004	0.587471	0.473183
174	-149.489	-97.1035	4.00701	-0.404569	-0.517088	0.587713	0.472797
175	-152.033	-97.6891	4.11366	-0.404199	-0.517909	0.587621	0.472297
176	-154.563	-98.2828	4.19642	-0.403806	-0.518221	0.587815	0.472082
177	-157.107	-98.88	4.27404	-0.4035	-0.518508	0.588238	0.471501
178	-159.664	-99.4876	4.3338	-0.403091	-0.518577	0.588668	0.471238
179	-162.213	-100.072	4.43544	-0.41175	-0.512365	0.581257	0.479671
180	-164.792	-100.36	4.51112	-0.464916	-0.464425	0.528656	0.537295
181	-167.482	-99.8324	4.55766	-0.548446	-0.363222	0.416797	0.627341
182	-168.912	-98.135	4.33054	-0.620613	-0.209393	0.251387	0.7126
183	-169.838	-96.1147	4.33396	-0.652529	-0.0870676	0.119257	0.743238
184	-170.418	-94.0199	4.40531	-0.654058	-0.0793251	0.111384	0.743982
185	-170.965	-91.924	4.43882	-0.653769	-0.0801107	0.112641	0.743962
186	-171.559	-89.8809	4.49499	-0.65378	-0.080182	0.112865	0.743912
187	-172.178	-87.8251	4.55094	-0.653711	-0.0803365	0.112369	0.74403
188	-172.762	-85.7616	4.59869	-0.653546	-0.0802053	0.113146	0.744071
189	-173.376	-83.7016	4.65257	-0.653588	-0.0808238	0.112831	0.744015
190	-173.965	-81.6177	4.70787	-0.653431	-0.0805157	0.113787	0.744042
191	-174.585	-79.5517	4.75503	-0.653336	-0.0807789	0.113519	0.744137
192	-175.194	-77.4491	4.80584	-0.653229	-0.0805908	0.114097	0.744164
193	-175.809	-75.373	4.87045	-0.653203	-0.0806193	0.114255	0.744159
194	-176.417	-73.2815	4.92227	-0.65312	-0.0811547	0.114423	0.744147
195	-177.033	-71.202	4.98172	-0.653189	-0.0810187	0.114942	0.744021
196	-177.672	-69.1285	5.04171	-0.653195	-0.0810665	0.114214	0.744123
197	-178.267	-67.0134	5.07634	-0.652705	-0.0814174	0.115213	0.744361
198	-178.898	-64.9133	5.14238	-0.652764	-0.0810983	0.115414	0.744313
199	-179.515	-62.8315	5.20904	-0.652959	-0.0812044	0.115856	0.744062
200	-180.143	-60.7434	5.26866	-0.652944	-0.0815804	0.11567	0.744063
201	-180.797	-58.6427	5.32286	-0.652726	-0.0810889	0.115234	0.744376
202	-181.396	-56.519	5.38155	-0.652649	-0.0816433	0.116322	0.744213
203	-182.032	-54.4016	5.42337	-0.652094	-0.0821199	0.116409	0.744633
204	-182.654	-52.3084	5.4904	-0.652233	-0.0822801	0.116638	0.744458
205	-183.302	-50.1944	5.57169	-0.65263	-0.0822212	0.11659	0.744124
206	-183.948	-48.0755	5.64251	-0.652692	-0.0828046	0.116182	0.744068
207	-184.595	-45.959	5.70157	-0.652783	-0.0826315	0.116533	0.743953
208	-185.235	-43.8244	5.77462	-0.653078	-0.0826911	0.116626	0.743673
209	-185.878	-41.6634	5.83164	-0.653	-0.082737	0.117123	0.743659
210	-186.52	-39.4982	5.90993	-0.653086	-0.0835222	0.117113	0.743497
211	-187.173	-37.3519	5.98165	-0.653544	-0.0832526	0.117483	0.743066
212	-187.796	-35.1694	6.03808	-0.653563	-0.0841323	0.118173	0.742841
213	-188.471	-32.9422	6.11108	-0.653938	-0.0839299	0.119114	0.742383
214	-189.193	-30.6585	6.18493	-0.654013	-0.0843462	0.118489	0.742369
215	-189.886	-28.3693	6.23203	-0.654057	-0.0846336	0.118914	0.742231
216	-190.606	-26.0557	6.27881	-0.653846	-0.0847879	0.118873	0.742406
217	-191.324	-23.7407	6.354	-0.65416	-0.0845648	0.119451	0.742061
218	-192.048	-21.3769	6.40734	-0.65405	-0.0849033	0.119773	0.742068
219	-192.782	-19.0534	6.47607	-0.654453	-0.0851842	0.119287	0.74176
220	-193.507	-16.6623	6.52407	-0.654296	-0.0851242	0.120107	0.741774
221	-194.241	-14.3097	6.59022	-0.654529	-0.0854906	0.119779	0.741577
222	-194.982	-11.9321	6.64089	-0.654493	-0.0853294	0.12054	0.741505
223	-195.739	-9.52464	6.70147	-0.654424	-0.0857012	0.120049	0.741603
224	-196.503	-7.12889	6.76314	-0.654576	-0.0856314	0.120113	0.741465
225	-197.244	-4.67112	6.83045	-0.654765	-0.086187	0.120568	0.741161
226	-198.03	-2.2135	6.88404	-0.654788	-0.0861011	0.120499	0.741163
227	-198.785	0.233343	6.92312	-0.654365	-0.0863534	0.12115	0.741399
228	-199.578	2.63914	6.98768	-0.654632	-0.0860696	0.120497	0.741304
229	-200.347	5.11799	7.04596	-0.654667	-0.0865093	0.120673	0.741194
230	-201.136	7.59315	7.08973	-0.654358	-0.086305	0.120979	0.741438
231	-201.903	10.0387	7.14725	-0.654332	-0.086391	0.12104	0.741443
232	-202.661	12.496	7.21785	-0.654524	-0.0871332	0.121232	0.741156
233	-203.456	14.9079	7.24092	-0.653966	-0.086677	0.120929	0.741749
234	-204.212	17.3577	7.30335	-0.653976	-0.0876907	0.12088	0.741631
235	-205.005	19.7855	7.35546	-0.65414	-0.0868365	0.121131	0.741546
236	-205.788	22.2101	7.42004	-0.654137	-0.0868726	0.120791	0.741598
237	-206.548	24.6204	7.46954	-0.654246	-0.0872766	0.120862	0.741445
238	-207.311	27.0124	7.52744	-0.65418	-0.0875011	0.120857	0.741476
239	-208.057	29.4167	7.58623	-0.654219	-0.0875432	0.121337	0.741359
240	-208.809	31.8132	7.64169	-0.654147	-0.0875126	0.122099	0.741302
241	-209.6	34.2181	7.70213	-0.654115	-0.0880849	0.121117	0.741421
242	-210.366	36.5952	7.75101	-0.654155	-0.0877878	0.121242	0.741402
243	-211.118	38.9823	7.79747	-0.65396	-0.0881384	0.121574	0.741479
244	-211.914	41.3714	7.83534	-0.653578	-0.0878712	0.120751	0.741979
245	-212.648	43.7519	7.8993	-0.653805	-0.0884622	0.121476	0.741592
246	-213.42	46.131	7.9515	-0.653629	-0.0881438	0.12141	0.741798
247	-214.201	48.4603	8.02939	-0.654233	-0.0879169	0.120629	0.741417
248	-214.919	50.7935	8.08271	-0.654316	-0.08809	0.121426	0.741196
249	-215.654	53.1623	8.13209	-0.654891	-0.0839911	0.116886	0.741895
250	-215.996	55.6137	8.15744	-0.664497	0.0383525	-0.0189423	0.746066
251	-213.828	56.1466	8.80229	-0.673827	0.181388	-0.165114	0.697018
252	-212.104	57.9479	8.56504	-0.624797	0.317446	-0.329504	0.63268
253	-210.092	59.1976	8.36057	-0.607898	0.348273	-0.366739	0.612102
254	-208.008	60.3607	8.13023	-0.607969	0.347623	-0.36653	0.612526
255	-205.961	61.5463	7.92776	-0.607936	0.34789	-0.366604	0.612362
256	-203.899	62.7085	7.72359	-0.60829	0.347645	-0.366239	0.612368
257	-201.824	63.9193	7.48701	-0.608073	0.347574	-0.366499	0.612469
258	-199.763	65.0781	7.29081	-0.608445	0.347365	-0.366044	0.61249
259	-197.698	66.2599	7.08169	-0.608278	0.347584	-0.365664	0.612759
260	-195.648	67.4545	6.86054	-0.608178	0.347841	-0.365665	0.612712
261	-193.592	68.6456	6.64241	-0.608426	0.347087	-0.366632	0.612314
262	-191.539	69.8121	6.43711	-0.608417	0.347556	-0.365679	0.612627
263	-189.471	70.9768	6.21042	-0.608309	0.347039	-0.365396	0.613197
264	-187.399	72.175	6.0023	-0.608328	0.346982	-0.365383	0.613218
265	-185.34	73.3708	5.78504	-0.608164	0.347358	-0.365258	0.613242
266	-183.277	74.5767	5.57668	-0.608557	0.346944	-0.36585	0.612733
267	-181.208	75.7483	5.36207	-0.608258	0.347121	-0.365075	0.61339
268	-179.154	76.9272	5.14354	-0.608311	0.346695	-0.364873	0.613691
269	-177.111	78.1082	4.94098	-0.608459	0.346812	-0.36484	0.613472
270	-175.036	79.3036	4.72227	-0.608419	0.346696	-0.364429	0.613856
271	-172.993	80.4956	4.49853	-0.608241	0.346546	-0.364732	0.613937
272	-170.918	81.6744	4.29691	-0.608691	0.346269	-0.364147	0.613995
273	-168.87	82.8451	4.08423	-0.608883	0.34596	-0.363639	0.61428
274	-166.799	84.0466	3.86797	-0.608991	0.345608	-0.363528	0.614437
275	-164.732	85.2333	3.64656	-0.609002	0.345006	-0.363442	0.614815
276	-162.666	86.4182	3.43567	-0.609018	0.344866	-0.362853	0.615226
277	-160.614	87.6009	3.22459	-0.609242	0.344348	-0.362359	0.615585
278	-158.557	88.7952	3.02822	-0.609484	0.344416	-0.361743	0.61567
279	-156.491	90.0157	2.80947	-0.609632	0.34412	-0.361762	0.615677
280	-154.431	91.2023	2.60521	-0.609525	0.344182	-0.360787	0.61632
281	-152.335	92.4212	2.38954	-0.609861	0.343832	-0.360465	0.616373
282	-150.261	93.6501	2.15943	-0.609543	0.343779	-0.360299	0.616813
283	-148.201	94.8615	1.95552	-0.609683	0.343698	-0.359822	0.616998
284	-146.12	96.0515	1.74011	-0.609989	0.343137	-0.359072	0.617444
285	-144.067	97.2881	1.52656	-0.609998	0.343058	-0.359126	0.617448
286	-142.004	98.4755	1.33073	-0.61041	0.342774	-0.357862	0.617932
287	-139.956	99.7027	1.12203	-0.610504	0.342843	-0.357332	0.618108
288	-137.875	100.944	0.897156	-0.610392	0.342739	-0.35705	0.618442
289	-135.808	102.173	0.694878	-0.610793	0.342717	-0.35659	0.618331
290	-133.748	103.407	0.469761	-0.610608	0.342196	-0.356432	0.618922
291	-131.687	104.686	0.251854	-0.610296	0.34263	-0.356518	0.618901
292	-129.595	105.899	0.0425461	-0.610775	0.342134	-0.355497	0.61929
293	-127.515	107.158	-0.161757	-0.610859	0.342111	-0.355156	0.619416
294	-125.463	108.405	-0.371836	-0.611027	0.342034	-0.354935	0.61942
295	-123.397	109.658	-0.605926	-0.610713	0.341492	-0.35506	0.619956
296	-121.352	110.923	-0.804524	-0.610788	0.341679	-0.35512	0.619745
297	-119.281	112.155	-1.04317	-0.610714	0.341117	-0.354492	0.620486
298	-117.259	113.407	-1.25123	-0.610768	0.340989	-0.354538	0.620477
299	-115.221	114.643	-1.45676	-0.610683	0.340978	-0.354284	0.620711
300	-113.186	115.89	-1.65344	-0.611166	0.340748	-0.354254	0.62038
301	-111.171	117.137	-1.86962	-0.610991	0.340487	-0.354442	0.620588
302	-109.186	118.366	-2.06091	-0.611227	0.340503	-0.354353	0.620398
303	-107.191	119.578	-2.27388	-0.611086	0.340382	-0.353903	0.62086
304	-105.177	120.797	-2.47824	-0.611422	0.340154	-0.353424	0.620927
305	-103.203	122.008	-2.67947	-0.611368	0.34002	-0.353327	0.621108
306	-101.207	123.224	-2.88142	-0.611748	0.3394	-0.353188	0.621152
307	-99.2306	124.437	-3.07174	-0.611766	0.339624	-0.352355	0.621485
308	-97.2642	125.66	-3.28495	-0.611695	0.339048	-0.352708	0.621672
309	-95.2649	126.878	-3.50781	-0.611714	0.338621	-0.35237	0.622083
310	-93.3064	128.074	-3.70179	-0.611654	0.338662	-0.351674	0.622538
311	-91.3192	129.282	-3.91705	-0.611538	0.338419	-0.35087	0.623204
312	-89.3586	130.513	-4.10693	-0.611794	0.337911	-0.351176	0.623057
313	-87.4077	131.719	-4.32549	-0.611401	0.337665	-0.350423	0.623999
314	-85.4753	132.964	-4.51669	-0.61145	0.337724	-0.350853	0.623678
315	-83.5258	134.177	-4.69672	-0.611693	0.337932	-0.350211	0.623687
316	-81.5778	135.396	-4.91176	-0.61157	0.337348	-0.350255	0.624099
317	-79.6038	136.605	-5.13185	-0.611116	0.337303	-0.349094	0.625218
318	-77.6941	137.839	-5.33113	-0.61083	0.337196	-0.349525	0.625314
319	-75.7535	139.069	-5.5244	-0.610852	0.336965	-0.349156	0.625624
320	-73.7864	140.278	-5.70777	-0.597365	0.36043	-0.377323	0.608993
321	-71.5253	140.895	-5.94944	-0.514983	0.465499	-0.50464	0.513266
322	-69.2208	140.207	-6.2321	0.414129	-0.544914	0.604715	-0.40729
323	-67.0929	139.061	-6.29066	0.337419	-0.589741	0.658337	-0.323955
324	-64.9897	137.352	-6.37513	0.288274	-0.611402	0.685872	-0.269567
325	-63.1586	135.446	-6.4506	0.255886	-0.622794	0.701341	-0.234032
326	-61.4975	133.388	-6.479	0.233606	-0.629944	0.710768	-0.208345
327	-59.9271	131.284	-6.5075	0.226283	-0.632172	0.713585	-0.199876
328	-58.431	129.134	-6.55248	0.22587	-0.631877	0.713681	-0.200932
329	-56.9326	127.033	-6.57704	0.225902	-0.631903	0.713528	-0.201355
330	-55.3976	124.938	-6.59103	0.225549	-0.632234	0.713502	-0.200804
331	-53.9089	122.829	-6.63316	0.226157	-0.631673	0.713794	-0.200851
332	-52.3907	120.746	-6.66243	0.225612	-0.631713	0.713889	-0.200997
333	-50.8411	118.634	-6.69858	0.225442	-0.631478	0.714391	-0.200143
334	-49.35	116.527	-6.74232	0.225327	-0.631333	0.714442	-0.200547
335	-47.8713	114.452	-6.7599	0.225137	-0.631401	0.714351	-0.20087
336	-46.3816	112.376	-6.77169	0.225316	-0.631419	0.71425	-0.200973
337	-44.8791	110.288	-6.81429	0.225003	-0.631169	0.714461	-0.201355
338	-43.4278	108.248	-6.82832	0.224947	-0.631131	0.71447	-0.201501
339	-41.945	106.168	-6.84592	0.224903	-0.631139	0.714382	-0.201827
340	-40.4471	104.134	-6.86728	0.224451	-0.631201	0.714524	-0.201614
341	-38.9561	102.06	-6.90235	0.22445	-0.630915	0.714768	-0.201682
342	-37.512	100.021	-6.89645	0.224767	-0.631164	0.714433	-0.201697
343	-36.0109	97.9679	-6.90244	0.224331	-0.631469	0.714363	-0.201515
344	-34.5006	95.9313	-6.98063	0.223687	-0.6308	0.715314	-0.200913
345	-33.0153	93.8904	-6.98402	0.223428	-0.630995	0.715404	-0.200307
346	-31.5741	91.868	-7.00576	0.223442	-0.630647	0.715636	-0.20052
347	-30.0702	89.8509	-7.05066	0.222459	-0.630421	0.716305	-0.199971
348	-28.639	87.8559	-7.04376	0.222235	-0.630677	0.71619	-0.19979
349	-27.1331	85.8588	-7.04604	0.220901	-0.631137	0.716427	-0.199002
350	-25.6855	83.8311	-7.05731	0.220627	-0.631062	0.716624	-0.198796
351	-24.2684	81.8205	-7.08125	0.219975	-0.630887	0.716771	-0.199581
352	-22.8439	79.8112	-7.06704	0.218982	-0.631396	0.716512	-0.199956
353	-21.3926	77.7952	-7.09256	0.218675	-0.63111	0.716953	-0.199649
354	-19.9538	75.7944	-7.11527	0.217695	-0.630879	0.71744	-0.199664
355	-18.5542	73.7762	-7.12369	0.21735	-0.630647	0.717649	-0.200059
356	-17.0343	71.6971	-7.1485	0.216603	-0.630373	0.718299	-0.199361
357	-15.5301	69.7055	-7.18265	0.215295	-0.630309	0.71921	-0.197725
358	-14.0154	67.6971	-7.22975	0.213343	-0.629953	0.720396	-0.196619
359	-12.4614	65.7415	-7.22267	0.211657	-0.63055	0.721264	-0.193356
360	-11.0386	63.7639	-7.24091	0.209994	-0.630383	0.72214	-0.192401
361	-9.59383	61.784	-7.29059	0.208318	-0.629786	0.723552	-0.190908
362	-8.17088	59.8334	-7.32007	0.206373	-0.629222	0.725042	-0.18918
363	-6.78327	57.925	-7.32835	0.204481	-0.628983	0.726371	-0.186957
364	-5.6486	55.9631	-7.33036	0.126492	-0.643644	0.74773	-0.102991
365	-4.88606	54.0119	-7.30455	-0.0130738	-0.648604	0.759459	0.0486182
366	-4.6592	51.1634	-7.32185	-0.166574	-0.619254	0.738065	0.209818
367	-6.06626	49.1296	-7.2316	-0.257467	-0.586502	0.704608	0.305375
368	-7.78194	47.6611	-7.05582	-0.310363	-0.562381	0.676036	0.361057
369	-9.5748	46.5872	-6.9135	-0.343435	-0.544187	0.65579	0.394782
370	-11.4333	45.6302	-6.76181	-0.354373	-0.537747	0.648472	0.405852
371	-13.2569	44.701	-6.61101	-0.354929	-0.53777	0.64766	0.406652
372	-15.1018	43.8085	-6.48987	-0.355011	-0.537568	0.647642	0.406856
373	-16.9149	42.9117	-6.36588	-0.355252	-0.537227	0.647349	0.407581
374	-18.7232	42.0206	-6.24267	-0.355807	-0.536759	0.647201	0.407929
375	-20.4849	41.1412	-6.09282	-0.356249	-0.536901	0.646418	0.408617
376	-22.263	40.3008	-5.96278	-0.35661	-0.536752	0.646373	0.408548
377	-24.0158	39.4585	-5.83911	-0.356855	-0.536469	0.646324	0.408804
378	-25.7351	38.6115	-5.71964	-0.357083	-0.536112	0.645925	0.409682
379	-27.4139	37.7787	-5.5582	-0.357858	-0.536526	0.644957	0.41001
380	-29.1224	36.9632	-5.4783	-0.357707	-0.535945	0.645003	0.410808
381	-30.8014	36.1406	-5.36728	-0.358127	-0.535422	0.64485	0.411384
382	-32.459	35.3741	-5.22686	-0.358212	-0.535754	0.644387	0.411583
383	-34.1034	34.5771	-5.1072	-0.358671	-0.535638	0.643928	0.412072
384	-35.7538	33.8084	-4.98254	-0.358786	-0.535772	0.643617	0.412263
385	-37.3679	33.0359	-4.85691	-0.359185	-0.535801	0.643098	0.412709
386	-38.979	32.317	-4.75225	-0.359148	-0.535712	0.643303	0.412518
387	-40.5815	31.5597	-4.63352	-0.359482	-0.535748	0.642952	0.412746
388	-42.1735	30.8277	-4.52048	-0.359815	-0.535563	0.642907	0.412747
389	-43.7345	30.1136	-4.40595	-0.359789	-0.535935	0.642438	0.413036
390	-45.2986	29.4077	-4.30613	-0.35958	-0.535844	0.642504	0.413213
391	-46.8311	28.6921	-4.20921	-0.359713	-0.535681	0.642268	0.413696
392	-48.3781	27.9895	-4.10986	-0.359864	-0.535472	0.642437	0.413553
393	-49.882	27.3204	-4.00812	-0.359833	-0.535398	0.64251	0.413582
394	-51.3919	26.6439	-3.90637	-0.359631	-0.535697	0.642319	0.413647
395	-52.8653	25.9772	-3.80046	-0.359787	-0.535601	0.64241	0.413515
396	-54.339	25.2846	-3.69913	-0.360101	-0.535406	0.642226	0.413759
397	-55.7946	24.6269	-3.60764	-0.359846	-0.53556	0.642	0.414153
398	-57.2501	23.9447	-3.50974	-0.360091	-0.5353	0.641754	0.414636
399	-58.6697	23.2897	-3.41251	-0.36024	-0.535237	0.641559	0.414911
400	-60.0829	22.6732	-3.31418	-0.360021	-0.535382	0.641654	0.414746
401	-61.4876	22.0299	-3.23623	-0.360111	-0.535022	0.641718	0.415053
402	-62.8691	21.3843	-3.13744	-0.360462	-0.534947	0.641402	0.415313
403	-64.2355	20.7671	-3.02954	-0.360377	-0.535235	0.640982	0.415685
404	-65.6147	20.1552	-2.95363	-0.360409	-0.534746	0.641324	0.41574
405	-66.9407	19.54	-2.84605	-0.360656	-0.535016	0.640691	0.416172
406	-68.2904	18.9131	-2.77648	-0.36085	-0.534427	0.640959	0.416329
407	-69.6007	18.3103	-2.68767	-0.361096	-0.53431	0.640684	0.416709
408	-70.9112	17.7381	-2.59176	-0.360979	-0.534605	0.640423	0.416813
409	-72.1631	17.1793	-2.50112	-0.360884	-0.534562	0.640467	0.416903
410	-73.4581	16.587	-2.42172	-0.361376	-0.534169	0.640345	0.417148
411	-74.7163	16.0499	-2.3257	-0.361433	-0.534435	0.640237	0.416944
412	-75.97	15.4947	-2.24287	-0.361369	-0.534303	0.640239	0.417146
413	-77.1882	14.9667	-2.16115	-0.361366	-0.534229	0.640316	0.417145
414	-78.3874	14.4087	-2.07565	-0.361181	-0.534492	0.640045	0.417363
415	-79.593	13.8932	-2.00888	-0.360804	-0.534487	0.64065	0.416788
416	-80.7888	13.3451	-1.93488	-0.360443	-0.53449	0.640927	0.41665
417	-81.9286	12.8167	-1.86334	-0.360255	-0.53455	0.640823	0.416915
418	-83.0887	12.2827	-1.79121	-0.360202	-0.5343	0.641055	0.416905
419	-84.2148	11.757	-1.7236	-0.360165	-0.534199	0.640869	0.417371
420	-85.3323	11.277	-1.63437	-0.359775	-0.534699	0.641018	0.416819
421	-86.8698	10.3471	-1.60214	-0.361016	-0.532686	0.639316	0.420936
422	-88.0189	9.82285	-1.50718	-0.360975	-0.532826	0.639261	0.420858
423	-89.0503	9.44582	-1.33494	-0.361432	-0.533835	0.639474	0.418879
424	-90.1642	8.98249	-1.20506	-0.3616	-0.534388	0.639324	0.418238
425	-91.1664	8.59987	-1.09111	-0.36138	-0.535344	0.639211	0.417398
426	-92.2757	8.16541	-1.01457	-0.361242	-0.535349	0.640006	0.416272
427	-93.2862	7.75924	-0.945226	-0.360792	-0.535749	0.639992	0.416188
428	-94.3355	7.32996	-0.913223	-0.360178	-0.535419	0.640763	0.415937
429	-95.2763	6.8355	-0.873874	-0.360182	-0.534941	0.640454	0.417044
430	-96.4262	6.25257	-0.851178	-0.359545	-0.534328	0.640321	0.41856
431	-97.6416	5.79814	-0.815649	-0.358043	-0.534213	0.641439	0.418303
432	-98.5812	5.39254	-0.778332	-0.358053	-0.533428	0.642186	0.418131
433	-99.6596	4.9197	-0.768471	-0.356902	-0.533189	0.642582	0.418831
434	-100.603	4.50271	-0.677467	-0.357214	-0.533259	0.642675	0.418312
435	-101.363	4.04784	-0.665161	-0.357243	-0.532125	0.642431	0.420122
436	-101.971	3.71993	-0.542965	-0.358712	-0.532814	0.641061	0.42007
437	-102.703	3.28546	-0.376885	-0.359924	-0.533574	0.639297	0.420776
438	-103.495	2.94807	-0.284973	-0.360269	-0.534246	0.638854	0.42028
439	-103.709	2.48524	-0.17526	-0.363865	-0.533998	0.634974	0.423387
440	-104.628	2.00661	-0.171831	-0.364117	-0.533023	0.634829	0.424594
441	-105.446	1.60408	-0.0944954	-0.364307	-0.533114	0.634381	0.425007
442	-106.231	1.28232	-0.000990209	-0.364722	-0.533272	0.634298	0.424556
443	-107.06	1.05426	0.0569199	-0.363977	-0.534121	0.63504	0.423037
444	-107.849	0.666511	0.0747802	-0.363944	-0.53346	0.634843	0.424173
445	-108.523	0.320159	0.168656	-0.364955	-0.533509	0.634154	0.424292
446	-109.219	-0.0761588	0.268958	-0.365534	-0.533767	0.632877	0.425356
447	-110.152	-0.550125	0.283195	-0.365502	-0.533234	0.632731	0.426288
448	-110.901	-0.884502	0.365229	-0.365829	-0.533633	0.632242	0.426214
449	-111.591	-1.11312	0.463242	-0.36589	-0.534382	0.632105	0.425445
450	-112.202	-1.39961	0.568204	-0.366581	-0.53481	0.631191	0.425649
451	-112.976	-1.69867	0.584908	-0.366294	-0.534617	0.631885	0.425129
452	-113.803	-2.14323	0.619725	-0.366472	-0.534238	0.631217	0.426422
453	-114.407	-2.47974	0.705907	-0.367066	-0.534511	0.62986	0.427594
454	-115.177	-2.87563	0.688118	-0.366642	-0.533492	0.630231	0.428663
455	-115.937	-3.20191	0.624918	-0.365823	-0.532202	0.631064	0.42976
456	-116.576	-3.41711	0.677142	-0.365712	-0.53259	0.631252	0.429076
457	-117.33	-3.79229	0.691194	-0.365798	-0.53188	0.631224	0.429944
458	-118.033	-3.98765	0.669967	-0.364399	-0.531706	0.63285	0.428936
459	-118.736	-4.3351	0.644193	-0.364218	-0.530509	0.633059	0.43028
460	-119.321	-4.56402	0.747929	-0.364416	-0.531065	0.632847	0.429719
461	-119.788	-4.76895	0.782125	-0.364334	-0.531408	0.632262	0.430246
462	-120.123	-4.86532	0.656241	-0.363984	-0.529136	0.634809	0.429572
463	-120.722	-5.0613	0.736956	-0.364286	-0.52973	0.634741	0.428703
464	-121.563	-5.40315	0.725411	-0.36334	-0.528888	0.635941	0.428747
465	-122.025	-5.71944	0.686761	-0.362832	-0.527537	0.635497	0.431511
466	-122.432	-5.9359	0.696746	-0.363043	-0.527229	0.635172	0.432168
467	-122.912	-6.17802	0.773917	-0.363007	-0.527552	0.634395	0.432964
468	-123.393	-6.44391	0.847205	-0.363929	-0.52729	0.633887	0.433234
469	-123.845	-6.71895	0.923715	-0.364236	-0.527539	0.632696	0.434431
470	-124.218	-6.80468	1.04546	-0.364782	-0.528751	0.632671	0.432512
471	-124.655	-7.00193	1.12788	-0.365148	-0.528966	0.632144	0.43273
472	-125.106	-7.22055	1.14431	-0.364775	-0.528594	0.632048	0.433619
473	-125.857	-7.45693	1.08094	-0.363324	-0.527374	0.634136	0.433294
474	-126.254	-7.45802	1.15775	-0.363339	-0.528172	0.63588	0.42972
475	-126.554	-7.53455	1.19875	-0.363209	-0.528714	0.636092	0.428868
476	-126.645	-7.60276	1.33525	-0.364748	-0.530007	0.634587	0.428175
477	-127.166	-7.72196	1.29503	-0.36342	-0.529302	0.636512	0.427338
478	-127.56	-7.88824	1.26868	-0.362794	-0.528649	0.637043	0.427867
479	-127.714	-8.10584	1.26432	-0.363369	-0.527876	0.635414	0.430766
480	-128.33	-8.34518	1.17683	-0.361495	-0.526126	0.637375	0.431566
481	-128.37	-8.3332	1.28484	-0.362764	-0.527521	0.636615	0.429936
482	-128.6	-8.3341	1.34261	-0.362847	-0.528211	0.637314	0.42796
483	-128.577	-8.40005	1.55488	-0.365148	-0.530407	0.634381	0.427664
484	-129.229	-8.50234	1.48401	-0.362753	-0.529821	0.637656	0.425532
485	-129.856	-8.69553	1.41603	-0.360874	-0.52866	0.639832	0.425328
486	-130.205	-8.90534	1.3916	-0.3603	-0.527388	0.640151	0.426891
487	-130.715	-9.13111	1.34947	-0.359438	-0.525916	0.641606	0.427269
488	-131.024	-9.38509	1.32395	-0.359232	-0.524574	0.641001	0.429972
489	-131.328	-9.61325	1.28147	-0.359083	-0.522895	0.641186	0.43188
490	-131.516	-9.79761	1.3123	-0.35956	-0.522185	0.640298	0.433637
491	-131.796	-9.91531	1.27865	-0.359012	-0.521259	0.641021	0.434155
492	-131.966	-9.98788	1.32235	-0.35902	-0.521696	0.640884	0.433808
493	-132.166	-10.0199	1.32704	-0.358277	-0.521677	0.641685	0.433278
494	-132.142	-10.046	1.40403	-0.359102	-0.52274	0.640162	0.433548
495	-132.207	-10.0537	1.40905	-0.359022	-0.522724	0.640583	0.433032
496	-132.233	-10.0785	1.40691	-0.359067	-0.522572	0.640555	0.433199
497	-132.261	-10.1028	1.41142	-0.359268	-0.522577	0.640008	0.433853
498	-132.289	-10.1029	1.42103	-0.359535	-0.522546	0.640385	0.433094
499	-132.296	-10.1039	1.42795	-0.359257	-0.522947	0.640135	0.43323
500	-132.285	-10.1151	1.42432	-0.359727	-0.522646	0.640087	0.433253
