1	-43.1159	40.735	-6.36515	-0.310372	-0.543237	0.658743	0.417876
2	-43.1287	40.7338	-6.37357	-0.31042	-0.543155	0.658773	0.4179
3	-43.1477	40.7033	-6.36018	-0.310305	-0.543452	0.658495	0.418037
4	-43.1918	40.6907	-6.36792	-0.310117	-0.543256	0.658732	0.418058
5	-43.2497	40.6386	-6.34948	-0.310494	-0.543273	0.658499	0.418126
6	-43.3427	40.605	-6.33059	-0.310296	-0.543629	0.658333	0.418085
7	-43.4409	40.544	-6.335	-0.310302	-0.543277	0.65853	0.418211
8	-43.5388	40.506	-6.32325	-0.310118	-0.543326	0.658698	0.418019
9	-43.6337	40.4302	-6.30379	-0.310437	-0.543279	0.658483	0.418184
10	-43.7735	40.3689	-6.28033	-0.310301	-0.54356	0.658296	0.418214
11	-43.923	40.2828	-6.27077	-0.310212	-0.543281	0.658502	0.418317
12	-44.076	40.2099	-6.25047	-0.310324	-0.543281	0.658612	0.418062
13	-44.2468	40.1306	-6.22765	-0.310329	-0.543438	0.658717	0.417688
14	-44.4338	40.0114	-6.2285	-0.310205	-0.542881	0.658859	0.418279
15	-44.6144	39.8999	-6.1815	-0.310433	-0.543229	0.658375	0.418421
16	-44.8257	39.7927	-6.13646	-0.310762	-0.543357	0.658428	0.417927
17	-45.0428	39.6688	-6.12551	-0.310541	-0.543255	0.658393	0.418279
18	-45.2982	39.5434	-6.09064	-0.310283	-0.54338	0.658392	0.41831
19	-45.5394	39.3944	-6.05727	-0.310251	-0.543461	0.658165	0.418584
20	-45.796	39.2389	-6.01239	-0.31055	-0.543453	0.65799	0.41865
21	-46.0912	39.1233	-6.00133	-0.310374	-0.543013	0.658845	0.418004
22	-46.3602	38.9632	-5.95056	-0.310367	-0.543375	0.658413	0.418221
23	-46.6856	38.7836	-5.91858	-0.310415	-0.543292	0.658372	0.418359
24	-46.9909	38.6227	-5.87654	-0.310404	-0.543394	0.658327	0.418318
25	-47.3228	38.4293	-5.84461	-0.310317	-0.54328	0.658275	0.418597
26	-47.6775	38.2425	-5.80178	-0.310407	-0.543065	0.658405	0.418606
27	-48.0466	38.041	-5.75054	-0.310541	-0.543209	0.658393	0.418337
28	-48.4218	37.8492	-5.68519	-0.310673	-0.543429	0.658199	0.41826
29	-48.7856	37.6389	-5.63745	-0.310746	-0.54332	0.658183	0.418372
30	-49.1934	37.4159	-5.59847	-0.310272	-0.543451	0.657993	0.418854
31	-49.617	37.1697	-5.56004	-0.310565	-0.542945	0.658127	0.41908
32	-50.0499	36.9737	-5.48699	-0.310595	-0.543304	0.658388	0.418183
33	-50.4878	36.7174	-5.43953	-0.310556	-0.543132	0.658393	0.418427
34	-50.9368	36.483	-5.37356	-0.310753	-0.54318	0.658284	0.41839
35	-51.4202	36.214	-5.32979	-0.31039	-0.543277	0.658036	0.418924
36	-51.9002	35.9808	-5.24759	-0.31062	-0.543354	0.65825	0.418316
37	-52.3983	35.706	-5.19903	-0.310628	-0.543133	0.658292	0.418531
38	-52.9095	35.4163	-5.12978	-0.3106	-0.543201	0.657991	0.418936
39	-53.4288	35.1292	-5.068	-0.310715	-0.54301	0.658256	0.418675
40	-53.9668	34.8587	-5.00114	-0.310331	-0.54317	0.658222	0.418814
41	-54.5249	34.5376	-4.92302	-0.31073	-0.543127	0.65808	0.418797
42	-55.0984	34.2369	-4.85344	-0.310728	-0.543165	0.658068	0.418767
43	-55.6728	33.9279	-4.78612	-0.310789	-0.543009	0.658217	0.418691
44	-56.2755	33.6134	-4.71313	-0.310468	-0.543199	0.658136	0.41881
45	-56.8612	33.2887	-4.62409	-0.310622	-0.543343	0.657975	0.418761
46	-57.4936	32.948	-4.55271	-0.310773	-0.543231	0.658018	0.418726
47	-58.1305	32.5998	-4.47388	-0.310864	-0.543137	0.657973	0.418852
48	-58.7717	32.2499	-4.384	-0.310959	-0.543059	0.657955	0.418911
49	-59.4365	31.903	-4.30524	-0.310732	-0.543273	0.65788	0.41892
50	-60.1159	31.5293	-4.20417	-0.310812	-0.54345	0.657721	0.41888
51	-60.7999	31.1719	-4.13872	-0.31076	-0.543091	0.658127	0.418747
52	-61.5158	30.7838	-4.04183	-0.310776	-0.543184	0.657896	0.418977
53	-62.2259	30.4064	-3.94697	-0.310822	-0.543223	0.65795	0.418808
54	-62.9451	30.0035	-3.85393	-0.310603	-0.543425	0.65759	0.419274
55	-63.6951	29.6069	-3.75975	-0.310961	-0.543139	0.657848	0.418977
56	-64.4615	29.2103	-3.6805	-0.310585	-0.543064	0.658075	0.419017
57	-65.2292	28.7802	-3.56966	-0.310916	-0.543151	0.657858	0.418975
58	-66.0062	28.3516	-3.48014	-0.310749	-0.543305	0.657531	0.419414
59	-66.837	27.9228	-3.37506	-0.310863	-0.543169	0.657758	0.419149
60	-67.6232	27.4921	-3.25653	-0.311017	-0.543372	0.657531	0.419127
61	-68.471	27.0434	-3.16167	-0.310764	-0.543263	0.657709	0.419178
62	-69.3185	26.5945	-3.06137	-0.310848	-0.543202	0.657788	0.419072
63	-70.1643	26.1142	-2.95763	-0.310865	-0.543192	0.657363	0.419737
64	-71.0298	25.6401	-2.82961	-0.311309	-0.543159	0.657299	0.419552
65	-71.9239	25.1769	-2.73505	-0.310918	-0.543005	0.657624	0.419532
66	-72.8186	24.7	-2.61274	-0.311019	-0.543215	0.657471	0.419425
67	-73.7265	24.2049	-2.50346	-0.311289	-0.542912	0.65756	0.419476
68	-74.6494	23.7199	-2.38741	-0.311047	-0.543224	0.657394	0.419512
69	-75.585	23.1955	-2.25857	-0.311417	-0.543163	0.657154	0.419691
70	-76.5346	22.691	-2.13732	-0.311202	-0.543251	0.657081	0.419839
71	-77.4868	22.1813	-2.02578	-0.311185	-0.543151	0.657208	0.419796
72	-78.485	21.6553	-1.90823	-0.311314	-0.543076	0.65734	0.419591
73	-79.4746	21.1244	-1.78019	-0.311158	-0.543118	0.657126	0.419986
74	-80.4924	20.5808	-1.65437	-0.310982	-0.543222	0.657011	0.420162
75	-81.5045	20.0328	-1.52604	-0.311323	-0.542997	0.657138	0.420003
76	-82.5388	19.4807	-1.39616	-0.311439	-0.542915	0.657284	0.419793
77	-83.5789	18.9168	-1.24687	-0.312609	-0.542691	0.655908	0.421363
78	-84.6425	18.3645	-1.14368	-0.314498	-0.540781	0.655354	0.423271
79	-85.735	17.7889	-0.990931	-0.315886	-0.540242	0.654402	0.424397
80	-86.8214	17.2347	-0.844567	-0.316777	-0.539911	0.653628	0.425346
81	-87.9281	16.6692	-0.710514	-0.317159	-0.539635	0.653126	0.426182
82	-89.0674	16.0894	-0.5783	-0.317793	-0.539097	0.652948	0.426663
83	-90.2091	15.5053	-0.461423	-0.317899	-0.538337	0.653002	0.427459
84	-91.3453	14.9317	-0.304484	-0.31836	-0.5384	0.652492	0.427812
85	-92.5114	14.3342	-0.150265	-0.318969	-0.538283	0.652232	0.427874
86	-93.6871	13.733	0.00405935	-0.319306	-0.538236	0.652021	0.428035
87	-94.8831	13.148	0.150464	-0.319167	-0.538368	0.652074	0.427892
88	-96.0955	12.5349	0.302557	-0.319215	-0.538304	0.651976	0.428086
89	-97.3207	11.9293	0.445324	-0.319235	-0.538132	0.652204	0.42794
90	-98.5118	11.2982	0.598679	-0.319256	-0.538153	0.651527	0.428928
91	-99.7661	10.6832	0.758579	-0.319409	-0.538063	0.65184	0.428451
92	-101.015	10.0587	0.906876	-0.319433	-0.538165	0.65163	0.428625
93	-102.278	9.42407	1.05944	-0.319494	-0.537877	0.651863	0.428586
94	-103.57	8.78791	1.21482	-0.319108	-0.538172	0.651729	0.428707
95	-104.833	8.14653	1.39898	-0.319152	-0.538553	0.65114	0.429091
96	-106.154	7.49144	1.53911	-0.319258	-0.538044	0.651471	0.429149
97	-107.461	6.85373	1.71511	-0.319566	-0.538164	0.651617	0.428546
98	-108.794	6.18874	1.85113	-0.318951	-0.53792	0.651734	0.429133
99	-110.139	5.49973	2.02483	-0.319474	-0.537856	0.651421	0.429301
100	-111.481	4.82361	2.17813	-0.319103	-0.537622	0.65134	0.429997
101	-112.846	4.13786	2.33879	-0.318931	-0.537555	0.651442	0.430048
102	-114.215	3.44544	2.50161	-0.319191	-0.537269	0.65127	0.430473
103	-115.598	2.72633	2.66296	-0.319029	-0.536953	0.651011	0.431379
104	-116.986	2.01032	2.84521	-0.319633	-0.536635	0.650771	0.431688
105	-118.41	1.31293	3.00707	-0.319526	-0.536335	0.651013	0.431776
106	-119.8	0.590149	3.20096	-0.320212	-0.536092	0.650622	0.432158
107	-121.234	-0.120327	3.3755	-0.320314	-0.535805	0.650644	0.432405
108	-122.679	-0.825802	3.55671	-0.31992	-0.536089	0.650278	0.432895
109	-124.108	-1.53987	3.76691	-0.320994	-0.535987	0.649971	0.432688
110	-125.57	-2.2567	3.94135	-0.320675	-0.535816	0.649973	0.433133
111	-127.047	-2.92523	4.15133	-0.320788	-0.536029	0.650359	0.432204
112	-128.566	-3.65343	4.33883	-0.320219	-0.536414	0.650729	0.431592
113	-129.984	-4.48583	4.52066	-0.255894	-0.574028	0.686038	0.366554
114	-131.322	-6.00518	4.66702	-0.155916	-0.618265	0.723585	0.264316
115	-130.558	-8.43251	4.88589	-0.0946796	-0.647819	0.73028	0.195084
116	-130.825	-9.70622	5.00157	-0.0113242	-0.665442	0.738849	0.105644
117	-130.911	-11.4723	4.99008	0.0469709	-0.671754	0.73823	0.0394503
118	-130.755	-13.1926	4.95241	0.0871379	-0.672715	0.734731	-0.00564273
119	-130.412	-14.9476	4.89085	0.116081	-0.671677	0.73074	-0.0373366
120	-129.939	-16.6375	4.8182	0.137088	-0.670262	0.726802	-0.0609407
121	-129.346	-18.3417	4.73	0.14652	-0.66962	0.724654	-0.0708282
122	-128.851	-19.9514	4.6423	0.146165	-0.66943	0.724788	-0.0719684
123	-128.298	-21.6446	4.55387	0.146167	-0.669427	0.724824	-0.0716136
124	-127.771	-23.3086	4.48177	0.146678	-0.669513	0.72464	-0.0715914
125	-127.196	-25.0004	4.38574	0.146222	-0.669551	0.72471	-0.0713738
126	-126.635	-26.7245	4.30083	0.145841	-0.669495	0.724848	-0.071432
127	-126.099	-28.4158	4.21491	0.146157	-0.669424	0.724827	-0.0714994
128	-125.54	-30.1191	4.131	0.145937	-0.669506	0.724796	-0.0716504
129	-124.969	-31.8658	4.0556	0.145809	-0.669769	0.724573	-0.0715579
130	-124.413	-33.5749	3.96524	0.146345	-0.669664	0.72461	-0.0712298
131	-123.849	-35.3533	3.87865	0.146003	-0.669606	0.724672	-0.0716853
132	-123.266	-37.0824	3.78427	0.145819	-0.669496	0.724889	-0.0710407
133	-122.678	-38.8569	3.70189	0.145292	-0.669863	0.724599	-0.0714683
134	-122.108	-40.617	3.62471	0.146133	-0.66987	0.72452	-0.0706397
135	-121.531	-42.4066	3.51451	0.145718	-0.669559	0.724876	-0.0706345
136	-120.936	-44.2001	3.4286	0.14564	-0.66971	0.724795	-0.0703475
137	-120.323	-46.0034	3.32234	0.145691	-0.669572	0.725006	-0.0692122
138	-119.758	-47.8176	3.2557	0.145705	-0.66993	0.72463	-0.0698196
139	-119.168	-49.6611	3.14213	0.145159	-0.669598	0.724996	-0.070181
140	-118.568	-51.5127	3.06686	0.145554	-0.66979	0.724825	-0.069451
141	-117.98	-53.3451	2.94859	0.145742	-0.66933	0.725215	-0.0692676
142	-117.376	-55.195	2.87683	0.145491	-0.669765	0.724889	-0.0691589
143	-116.775	-57.0627	2.77088	0.145466	-0.669666	0.724977	-0.0690801
144	-116.173	-58.9358	2.66697	0.145201	-0.66939	0.725283	-0.0692742
145	-115.569	-60.8075	2.57456	0.145198	-0.669343	0.725351	-0.0688499
146	-114.989	-62.6698	2.4954	0.145553	-0.669457	0.725163	-0.0691465
147	-114.362	-64.5929	2.38865	0.144809	-0.669442	0.725302	-0.0692238
148	-113.756	-66.4593	2.30164	0.145236	-0.669529	0.725217	-0.068543
149	-113.156	-68.3997	2.20139	0.145325	-0.669478	0.725197	-0.0688982
150	-112.541	-70.3005	2.09976	0.145102	-0.66936	0.72538	-0.0687445
151	-111.923	-72.2287	1.99058	0.144453	-0.669266	0.725525	-0.0693356
152	-111.325	-74.1392	1.91914	0.144557	-0.669658	0.725139	-0.0695265
153	-110.701	-76.0851	1.82843	0.144981	-0.669645	0.725086	-0.0691589
154	-110.093	-78.0475	1.72742	0.141974	-0.669863	0.725815	-0.065728
155	-109.549	-80.0377	1.63184	0.116075	-0.671369	0.731066	-0.0362003
156	-109.207	-82.0955	1.55552	0.0782779	-0.671932	0.736439	0.00614367
157	-109.126	-84.1713	1.54135	0.019968	-0.668912	0.739533	0.072292
158	-109.564	-86.2521	1.61956	-0.0723881	-0.654797	0.732204	0.172854
159	-110.681	-88.032	1.80975	-0.195738	-0.615598	0.699096	0.306538
160	-112.544	-89.6045	2.06081	-0.308699	-0.555258	0.642657	0.428235
161	-115.047	-90.5957	2.32703	-0.353921	-0.52329	0.612504	0.475127
162	-117.635	-91.4556	2.57437	-0.353756	-0.523128	0.612695	0.475183
163	-120.221	-92.3126	2.80505	-0.353543	-0.522911	0.612939	0.475266
164	-122.82	-93.1678	3.08814	-0.353339	-0.523199	0.612751	0.475342
165	-125.443	-94.0399	3.3627	-0.353571	-0.523316	0.612879	0.474875
166	-128.042	-94.9168	3.62097	-0.353661	-0.523187	0.612717	0.475159
167	-130.7	-95.7923	3.9119	-0.35343	-0.523748	0.61272	0.474709
168	-133.336	-96.6829	4.15829	-0.353616	-0.523196	0.612787	0.475093
169	-135.997	-97.5337	4.42875	-0.353239	-0.523693	0.612972	0.474587
170	-138.654	-98.4672	4.69935	-0.353521	-0.523423	0.612488	0.4753
171	-141.329	-99.3392	4.96187	-0.353374	-0.523452	0.612987	0.474734
172	-144.015	-100.261	5.24524	-0.353932	-0.52336	0.6127	0.474794
173	-146.726	-101.121	5.51474	-0.353227	-0.523861	0.61291	0.474521
174	-149.432	-102.047	5.77365	-0.353771	-0.52335	0.613003	0.474529
175	-152.122	-102.967	6.04456	-0.353346	-0.523363	0.612653	0.475283
176	-154.843	-103.829	6.34539	-0.353126	-0.52406	0.612889	0.474374
177	-157.578	-104.772	6.59669	-0.353094	-0.523649	0.612779	0.474992
178	-160.322	-105.629	6.86471	-0.352587	-0.523931	0.613587	0.474015
179	-163.088	-106.533	7.14027	-0.361267	-0.51701	0.607023	0.483435
180	-165.901	-107.048	7.45129	-0.41779	-0.468422	0.559655	0.541127
181	-168.809	-106.746	7.7811	-0.50892	-0.365133	0.455048	0.632937
182	-170.795	-105.184	7.79184	-0.59527	-0.202325	0.29156	0.72091
183	-171.928	-103.146	7.95981	-0.635387	-0.0780821	0.161193	0.751135
184	-172.648	-101.045	8.10968	-0.637114	-0.0703852	0.153026	0.75214
185	-173.337	-98.9435	8.26396	-0.63689	-0.0708612	0.153755	0.752137
186	-174.056	-96.8477	8.43406	-0.637005	-0.0708522	0.153777	0.752035
187	-174.786	-94.7568	8.57905	-0.63661	-0.0705934	0.15389	0.752371
188	-175.503	-92.6763	8.74066	-0.636813	-0.070891	0.153682	0.752213
189	-176.232	-90.5718	8.89454	-0.63657	-0.0708743	0.153764	0.752404
190	-176.954	-88.4471	9.05573	-0.636487	-0.0708601	0.154167	0.752393
191	-177.7	-86.3485	9.23534	-0.636707	-0.0709849	0.153776	0.752275
192	-178.425	-84.2402	9.37852	-0.636429	-0.0711196	0.153761	0.752501
193	-179.157	-82.1312	9.53759	-0.636343	-0.0709508	0.15405	0.75253
194	-179.885	-80.0135	9.71827	-0.636527	-0.0709922	0.15421	0.752338
195	-180.621	-77.8821	9.88537	-0.636332	-0.071369	0.154011	0.752509
196	-181.353	-75.7733	10.051	-0.636443	-0.0712831	0.15437	0.752349
197	-182.084	-73.6417	10.2193	-0.636455	-0.0715888	0.154451	0.752293
198	-182.818	-71.5219	10.3789	-0.63624	-0.0713519	0.154757	0.752435
199	-183.574	-69.3798	10.5663	-0.636583	-0.071083	0.154862	0.752148
200	-184.304	-67.2198	10.7437	-0.636645	-0.0720052	0.154878	0.752005
201	-185.064	-65.0698	10.9073	-0.636635	-0.071603	0.155032	0.75202
202	-185.797	-62.9073	11.0676	-0.636367	-0.0725372	0.155133	0.752136
203	-186.557	-60.7459	11.2319	-0.636339	-0.0719016	0.155634	0.752116
204	-187.316	-58.5742	11.3963	-0.636138	-0.0720032	0.155833	0.752235
205	-188.076	-56.4097	11.576	-0.636093	-0.0726811	0.155398	0.752297
206	-188.839	-54.2418	11.7224	-0.635667	-0.0725124	0.155589	0.752636
207	-189.614	-52.0728	11.9079	-0.635857	-0.0725795	0.155457	0.752495
208	-190.384	-49.8789	12.0777	-0.635649	-0.0727506	0.155261	0.752694
209	-191.16	-47.6676	12.2529	-0.635675	-0.0729134	0.155098	0.752692
210	-191.927	-45.4396	12.4322	-0.635687	-0.0729363	0.155587	0.752578
211	-192.709	-43.2081	12.5938	-0.635314	-0.0726734	0.156233	0.752783
212	-193.492	-40.9682	12.8038	-0.63583	-0.0730086	0.156256	0.752312
213	-194.292	-38.7194	12.9694	-0.635563	-0.0733085	0.156003	0.75256
214	-195.081	-36.4726	13.1644	-0.635837	-0.0730974	0.15639	0.752268
215	-195.888	-34.1999	13.3421	-0.635724	-0.0731052	0.156482	0.752346
216	-196.696	-31.9382	13.5313	-0.635939	-0.0730765	0.156351	0.752193
217	-197.505	-29.626	13.6911	-0.635395	-0.0732375	0.156952	0.752511
218	-198.327	-27.326	13.8964	-0.635809	-0.0734905	0.156006	0.752332
219	-199.126	-25.0229	14.0638	-0.635441	-0.0735973	0.156934	0.752443
220	-199.945	-22.7165	14.264	-0.635734	-0.0732806	0.157321	0.752143
221	-200.764	-20.3975	14.4472	-0.635569	-0.0736304	0.157084	0.752297
222	-201.595	-18.0784	14.6551	-0.635955	-0.0736297	0.157268	0.751935
223	-202.418	-15.7662	14.8323	-0.635873	-0.0741341	0.156785	0.752054
224	-203.256	-13.4159	15.02	-0.635759	-0.0737921	0.157324	0.752071
225	-204.078	-11.0615	15.2188	-0.636021	-0.074116	0.157664	0.751749
226	-204.914	-8.69492	15.413	-0.636125	-0.0743706	0.157445	0.75168
227	-205.761	-6.35051	15.6021	-0.636202	-0.0741001	0.157744	0.751578
228	-206.619	-3.95072	15.7912	-0.636065	-0.0743505	0.157523	0.751718
229	-207.46	-1.5838	15.9743	-0.635948	-0.0746694	0.157571	0.751774
230	-208.311	0.778626	16.1736	-0.636347	-0.0744789	0.157706	0.751426
231	-209.178	3.13529	16.3629	-0.636297	-0.0740957	0.157388	0.751572
232	-210.007	5.55505	16.5404	-0.636059	-0.0751706	0.157816	0.75158
233	-210.886	7.9448	16.737	-0.636031	-0.074934	0.157412	0.75171
234	-211.739	10.3563	16.9448	-0.636487	-0.0750782	0.157916	0.751203
235	-212.617	12.799	17.1324	-0.636368	-0.075513	0.15724	0.751405
236	-213.473	15.2097	17.3095	-0.636117	-0.0755847	0.157757	0.7515
237	-214.337	17.6596	17.5041	-0.636197	-0.0755168	0.158349	0.751314
238	-215.217	20.0621	17.6952	-0.636081	-0.0758977	0.157924	0.751466
239	-216.095	22.5052	17.8712	-0.635688	-0.0758633	0.158107	0.751762
240	-216.977	24.9367	18.0599	-0.635824	-0.0758897	0.15792	0.751683
241	-217.856	27.3819	18.2575	-0.635776	-0.0761447	0.157996	0.751684
242	-218.723	29.8045	18.4406	-0.635516	-0.0764591	0.157713	0.75193
243	-219.623	32.2466	18.639	-0.635657	-0.0762973	0.157794	0.751809
244	-220.501	34.6583	18.8199	-0.635534	-0.0761694	0.157981	0.751886
245	-221.388	37.1061	19.0075	-0.635266	-0.0761292	0.157974	0.752121
246	-222.255	39.5272	19.2197	-0.635672	-0.0764499	0.157911	0.751757
247	-223.115	41.9408	19.4024	-0.635455	-0.0766506	0.158133	0.751871
248	-224	44.3488	19.6141	-0.63577	-0.0765833	0.157846	0.751676
249	-224.859	46.741	19.8079	-0.636916	-0.0718563	0.153505	0.752069
250	-225.303	49.2986	19.9447	-0.653872	0.0528116	0.0212307	0.754459
251	-222.556	49.6863	20.5188	-0.676616	0.182462	-0.101032	0.70618
252	-220.989	51.7079	20.149	-0.641388	0.320242	-0.268298	0.643492
253	-219.078	53.1185	19.8257	-0.628462	0.350689	-0.305775	0.623341
254	-217.129	54.5366	19.4658	-0.628206	0.350467	-0.306497	0.62337
255	-215.172	55.9354	19.1193	-0.628225	0.350429	-0.306287	0.623475
256	-213.207	57.3461	18.7826	-0.628331	0.350444	-0.306122	0.623441
257	-211.25	58.7646	18.4304	-0.628111	0.35051	-0.306627	0.623377
258	-209.295	60.1813	18.0833	-0.628091	0.350654	-0.306612	0.623324
259	-207.343	61.5735	17.7221	-0.627722	0.350475	-0.306543	0.62383
260	-205.418	62.9628	17.389	-0.627868	0.350643	-0.306604	0.623559
261	-203.461	64.3566	17.0478	-0.628112	0.35016	-0.306692	0.623541
262	-201.537	65.7414	16.706	-0.627973	0.350098	-0.306792	0.623666
263	-199.576	67.1325	16.3635	-0.627939	0.350212	-0.306264	0.623897
264	-197.649	68.5377	16.0177	-0.627678	0.350357	-0.30657	0.623927
265	-195.694	69.9041	15.667	-0.627837	0.349852	-0.306148	0.624258
266	-193.769	71.3013	15.3335	-0.627715	0.35	-0.306233	0.624256
267	-191.833	72.7088	15.0029	-0.627822	0.349976	-0.306248	0.624157
268	-189.892	74.1132	14.6811	-0.627974	0.350399	-0.306221	0.623789
269	-187.934	75.4741	14.331	-0.628138	0.349772	-0.305648	0.624295
270	-185.991	76.8743	14.0028	-0.628264	0.349832	-0.305484	0.624165
271	-184.065	78.2693	13.667	-0.628241	0.349886	-0.305532	0.624134
272	-182.114	79.6641	13.3173	-0.628226	0.349629	-0.305417	0.62435
273	-180.172	81.0757	12.9989	-0.628624	0.349542	-0.305571	0.623922
274	-178.25	82.464	12.6407	-0.628397	0.349227	-0.305791	0.62422
275	-176.314	83.8698	12.3044	-0.628533	0.349136	-0.305891	0.624084
276	-174.389	85.2732	11.9657	-0.62794	0.350079	-0.305693	0.62425
277	-172.425	86.6698	11.6063	-0.628165	0.348793	-0.305997	0.624594
278	-170.491	88.0719	11.2696	-0.628098	0.348876	-0.305916	0.624655
279	-168.531	89.4828	10.9371	-0.628374	0.348759	-0.305666	0.624565
280	-166.54	90.9166	10.6044	-0.628671	0.348769	-0.305585	0.6243
281	-164.562	92.3441	10.2458	-0.628315	0.349077	-0.305125	0.624712
282	-162.555	93.7747	9.88456	-0.628202	0.348842	-0.304785	0.625122
283	-160.574	95.2151	9.55155	-0.628408	0.348785	-0.304606	0.625034
284	-158.568	96.6591	9.192	-0.628358	0.348585	-0.304374	0.625309
285	-156.588	98.0914	8.85383	-0.628592	0.348462	-0.304118	0.625267
286	-154.598	99.5163	8.51139	-0.628657	0.348566	-0.303469	0.625459
287	-152.614	100.957	8.15895	-0.628636	0.348596	-0.303343	0.625523
288	-150.615	102.432	7.80949	-0.628603	0.348501	-0.30354	0.625511
289	-148.622	103.902	7.47491	-0.628851	0.348574	-0.30379	0.62509
290	-146.616	105.381	7.12011	-0.628794	0.348722	-0.303895	0.625026
291	-144.606	106.847	6.7631	-0.62861	0.348891	-0.303776	0.625176
292	-142.582	108.335	6.37977	-0.62836	0.348416	-0.304602	0.62529
293	-140.575	109.798	6.04086	-0.628551	0.348497	-0.304415	0.625144
294	-138.538	111.266	5.68764	-0.628569	0.348435	-0.30408	0.625323
295	-136.532	112.781	5.34635	-0.62855	0.348789	-0.305128	0.624635
296	-134.501	114.246	4.97702	-0.62817	0.348762	-0.304951	0.625119
297	-132.449	115.731	4.61794	-0.628391	0.348202	-0.305242	0.625065
298	-130.43	117.214	4.27162	-0.62835	0.348221	-0.305512	0.624964
299	-128.388	118.697	3.92284	-0.628476	0.348396	-0.305617	0.624689
300	-126.335	120.161	3.56503	-0.628636	0.347951	-0.305177	0.624991
301	-124.303	121.664	3.2028	-0.628129	0.348643	-0.305176	0.625116
302	-122.257	123.165	2.84802	-0.62842	0.348468	-0.305612	0.624707
303	-120.221	124.623	2.48597	-0.628087	0.348331	-0.305333	0.625255
304	-118.195	126.096	2.13491	-0.628174	0.348425	-0.305372	0.625096
305	-116.172	127.59	1.77957	-0.62804	0.348297	-0.305901	0.625043
306	-114.16	129.064	1.43142	-0.62794	0.348496	-0.305939	0.625015
307	-112.138	130.524	1.08166	-0.627868	0.348703	-0.305609	0.625133
308	-110.11	131.991	0.715507	-0.627719	0.348256	-0.305868	0.625405
309	-108.075	133.466	0.368518	-0.627953	0.347981	-0.306175	0.625172
310	-106.039	134.911	-0.0075512	-0.627435	0.347757	-0.305665	0.626065
311	-104.061	136.382	-0.341731	-0.627399	0.34799	-0.306233	0.62569
312	-102.066	137.828	-0.675952	-0.627294	0.347998	-0.306152	0.625815
313	-100.062	139.263	-1.02623	-0.627294	0.348015	-0.305611	0.626091
314	-98.0897	140.695	-1.35699	-0.627248	0.347992	-0.305857	0.626029
315	-96.093	142.147	-1.72052	-0.626827	0.347849	-0.30615	0.626388
316	-94.1401	143.599	-2.04362	-0.62685	0.348036	-0.306767	0.625959
317	-92.1847	145.033	-2.40442	-0.626257	0.34818	-0.306937	0.626389
318	-90.2122	146.493	-2.74057	-0.626065	0.348308	-0.307632	0.626169
319	-88.2557	147.962	-3.07753	-0.625712	0.348584	-0.308774	0.625806
320	-86.2634	149.375	-3.40844	-0.613915	0.371857	-0.338348	0.608566
321	-84.0048	150.173	-3.81111	-0.5394	0.475593	-0.471655	0.510295
322	-81.4258	149.898	-4.46025	0.435445	-0.556095	0.584931	-0.398751
323	-78.8783	148.724	-4.7347	0.361168	-0.598997	0.643255	-0.311421
324	-76.554	146.893	-4.96204	0.312823	-0.620008	0.672149	-0.256803
325	-74.4932	144.79	-5.18993	0.281491	-0.630406	0.688934	-0.22073
326	-72.5959	142.555	-5.36707	0.25908	-0.637085	0.699334	-0.194763
327	-70.8894	140.189	-5.49272	0.252948	-0.639108	0.70178	-0.187251
328	-69.1371	137.867	-5.67217	0.252477	-0.638835	0.702243	-0.187083
329	-67.3852	135.535	-5.81511	0.252047	-0.63912	0.70228	-0.186551
330	-65.6848	133.268	-5.96628	0.252203	-0.638952	0.70255	-0.185896
331	-63.9747	130.989	-6.09951	0.251507	-0.639357	0.702383	-0.186077
332	-62.2774	128.689	-6.24505	0.252179	-0.639361	0.702311	-0.185427
333	-60.5682	126.428	-6.40512	0.2508	-0.639862	0.702386	-0.185283
334	-58.8449	124.158	-6.55834	0.250799	-0.639895	0.702556	-0.184524
335	-57.1741	121.869	-6.70893	0.250394	-0.639822	0.70267	-0.184892
336	-55.4925	119.635	-6.86939	0.250067	-0.639643	0.703068	-0.184441
337	-53.8452	117.372	-7.01926	0.249951	-0.639703	0.70304	-0.1845
338	-52.1883	115.122	-7.16333	0.249991	-0.639661	0.703279	-0.183678
339	-50.5225	112.87	-7.31575	0.249694	-0.639696	0.70334	-0.183726
340	-48.8897	110.657	-7.47016	0.249222	-0.639434	0.70381	-0.183479
341	-47.2466	108.428	-7.61749	0.249082	-0.639682	0.703775	-0.18294
342	-45.6309	106.211	-7.75637	0.249068	-0.639454	0.704017	-0.182833
343	-43.9834	104.05	-7.86477	0.248677	-0.640026	0.703883	-0.181892
344	-42.3861	101.876	-8.06544	0.247957	-0.639377	0.70474	-0.181873
345	-40.763	99.7206	-8.2131	0.247393	-0.639355	0.705251	-0.180675
346	-39.2066	97.5535	-8.32373	0.247332	-0.639352	0.705297	-0.180645
347	-37.5773	95.429	-8.45869	0.246283	-0.639641	0.705866	-0.178765
348	-35.954	93.2943	-8.63074	0.244333	-0.639527	0.706892	-0.17785
349	-34.3345	91.2034	-8.74476	0.242879	-0.640396	0.70712	-0.175736
350	-32.8317	89.1368	-8.83031	0.242283	-0.640989	0.707025	-0.174842
351	-31.3644	87.0805	-8.98261	0.241203	-0.640815	0.707563	-0.174732
352	-29.9184	85.0263	-9.10637	0.240571	-0.640709	0.708059	-0.174044
353	-28.4658	82.9865	-9.23631	0.240069	-0.640765	0.708345	-0.173303
354	-27.0543	81.028	-9.37802	0.239214	-0.640531	0.709092	-0.172359
355	-25.6715	79.0615	-9.50711	0.23851	-0.640453	0.709515	-0.171819
356	-24.2569	77.1932	-9.61027	0.237636	-0.640676	0.710246	-0.169221
357	-22.9201	75.35	-9.74852	0.236441	-0.640277	0.711293	-0.167937
358	-21.5927	73.4856	-9.84695	0.235521	-0.640478	0.711756	-0.166562
359	-20.2598	71.6601	-9.953	0.234125	-0.640831	0.712368	-0.164478
360	-18.9929	69.837	-10.0533	0.232832	-0.640966	0.712895	-0.163567
361	-17.7446	68.0236	-10.1569	0.232385	-0.640732	0.713575	-0.162081
362	-16.5037	66.1965	-10.2834	0.231149	-0.640412	0.714501	-0.161095
363	-15.2928	64.4192	-10.4089	0.229186	-0.640003	0.715642	-0.160395
364	-14.2892	62.5387	-10.4692	0.153461	-0.651728	0.738917	-0.0756515
365	-13.8294	60.6837	-10.3604	0.0175628	-0.653508	0.75342	0.0705526
366	-13.8892	58.3551	-10.2372	-0.126527	-0.625777	0.735954	0.225361
367	-15.0953	56.5438	-10.0592	-0.216574	-0.591685	0.70745	0.320186
368	-16.6587	55.1387	-9.84321	-0.269411	-0.565733	0.682707	0.375896
369	-18.334	54.0237	-9.60391	-0.302696	-0.546811	0.664176	0.410174
370	-20.0839	53.0823	-9.36858	-0.313343	-0.540483	0.657897	0.420582
371	-21.8397	52.1149	-9.144	-0.313861	-0.53996	0.657762	0.421051
372	-23.5702	51.1811	-8.91125	-0.313944	-0.540194	0.657103	0.421745
373	-25.2997	50.2679	-8.68941	-0.314139	-0.540077	0.6571	0.421725
374	-27.0234	49.3364	-8.46742	-0.314491	-0.539832	0.656721	0.422395
375	-28.7017	48.4533	-8.23935	-0.314999	-0.539617	0.656816	0.422116
376	-30.3974	47.5557	-8.03615	-0.315065	-0.53937	0.656739	0.42253
377	-32.0549	46.6737	-7.81051	-0.315438	-0.539545	0.656171	0.422883
378	-33.7244	45.8027	-7.59884	-0.315398	-0.539432	0.656173	0.42308
379	-35.3431	44.9143	-7.36084	-0.316013	-0.539727	0.655316	0.423547
380	-36.9625	44.0693	-7.18074	-0.315781	-0.539456	0.655439	0.423903
381	-38.5836	43.2243	-6.96122	-0.316016	-0.539315	0.6555	0.423785
382	-40.1913	42.3942	-6.75586	-0.316249	-0.539277	0.655496	0.423694
383	-41.7922	41.5617	-6.54231	-0.316279	-0.539416	0.655154	0.423994
384	-43.3629	40.7199	-6.3559	-0.316159	-0.539293	0.654854	0.424734
385	-44.9256	39.9172	-6.12548	-0.316606	-0.539665	0.654629	0.424244
386	-46.4848	39.1132	-5.9548	-0.316398	-0.539505	0.65471	0.424508
387	-48.0241	38.3228	-5.73983	-0.31684	-0.53945	0.654656	0.424302
388	-49.588	37.5159	-5.56381	-0.316553	-0.539255	0.654625	0.424841
389	-51.0983	36.7423	-5.36798	-0.316593	-0.539331	0.654586	0.424746
390	-52.6012	35.9766	-5.17864	-0.316517	-0.539321	0.654608	0.42481
391	-54.1	35.1963	-4.98439	-0.316473	-0.539571	0.65417	0.425171
392	-55.5664	34.435	-4.80204	-0.316714	-0.53928	0.654385	0.42506
393	-57.0533	33.689	-4.62861	-0.316646	-0.53908	0.65456	0.425063
394	-58.5005	32.9454	-4.44354	-0.316776	-0.53916	0.654575	0.424873
395	-59.9422	32.2146	-4.24436	-0.316842	-0.539409	0.654373	0.424788
396	-61.3774	31.4886	-4.06858	-0.316749	-0.539401	0.654443	0.42479
397	-62.8006	30.7441	-3.89089	-0.31685	-0.539429	0.654188	0.425043
398	-64.2046	30.0163	-3.7193	-0.316864	-0.539265	0.654122	0.425372
399	-65.6101	29.3139	-3.54752	-0.316812	-0.53919	0.654312	0.425182
400	-66.9743	28.5999	-3.36223	-0.316982	-0.539444	0.653877	0.425434
401	-68.3382	27.9086	-3.19484	-0.316941	-0.539349	0.654062	0.425269
402	-69.689	27.1975	-3.03178	-0.317024	-0.539322	0.653706	0.425819
403	-71.0514	26.5166	-2.86431	-0.317041	-0.539236	0.653915	0.425564
404	-72.3648	25.8407	-2.68662	-0.317307	-0.539196	0.653991	0.42533
405	-73.6672	25.178	-2.52145	-0.317044	-0.53961	0.653576	0.42561
406	-74.9706	24.5005	-2.36185	-0.317135	-0.539289	0.653581	0.42597
407	-76.2655	23.8695	-2.19549	-0.317249	-0.539315	0.653949	0.425258
408	-77.5144	23.2009	-2.02902	-0.317428	-0.539332	0.653538	0.425763
409	-78.81	22.5562	-1.87258	-0.317472	-0.539187	0.653699	0.425635
410	-80.0383	21.9241	-1.72843	-0.317398	-0.53903	0.653831	0.425719
411	-81.2851	21.2888	-1.57171	-0.317488	-0.539128	0.653541	0.425942
412	-82.5095	20.6699	-1.41355	-0.317271	-0.539386	0.653345	0.426109
413	-83.721	20.0461	-1.27193	-0.317423	-0.539213	0.653543	0.42588
414	-84.9115	19.4505	-1.12594	-0.31701	-0.539365	0.653737	0.425728
415	-86.0828	18.828	-0.973012	-0.316732	-0.539636	0.653612	0.425753
416	-87.264	18.2293	-0.839185	-0.316466	-0.539552	0.654069	0.425385
417	-88.4067	17.6365	-0.676201	-0.316356	-0.540039	0.653897	0.425084
418	-89.5348	17.0667	-0.537627	-0.315778	-0.540357	0.654128	0.424784
419	-90.6367	16.4858	-0.402285	-0.31584	-0.54022	0.654212	0.424751
420	-91.7626	15.9038	-0.280085	-0.31564	-0.539974	0.654607	0.424635
421	-92.8444	15.3329	-0.129883	-0.315479	-0.540347	0.654268	0.424772
422	-93.9194	14.7921	0.0192705	-0.315616	-0.540623	0.654432	0.424098
423	-94.994	14.2337	0.145231	-0.315482	-0.54053	0.654592	0.424039
424	-96.033	13.6755	0.26195	-0.3154	-0.54037	0.654584	0.424345
425	-97.0618	13.1412	0.396673	-0.315304	-0.540602	0.654416	0.424349
426	-98.0743	12.614	0.516917	-0.315047	-0.540633	0.654301	0.424709
427	-99.0639	12.0872	0.65474	-0.315197	-0.540866	0.654162	0.424484
428	-100.063	11.5793	0.786235	-0.31538	-0.54099	0.654295	0.424016
429	-101.033	11.0623	0.90281	-0.315362	-0.540858	0.65421	0.424297
430	-102.001	10.5682	1.01447	-0.315321	-0.540759	0.654494	0.424047
431	-102.963	10.082	1.13555	-0.31463	-0.541121	0.654359	0.424276
432	-103.883	9.5958	1.25137	-0.314768	-0.541055	0.654573	0.423958
433	-104.797	9.12186	1.36527	-0.314846	-0.541139	0.654441	0.423966
434	-105.729	8.65667	1.48969	-0.314574	-0.541418	0.654475	0.423791
435	-106.608	8.18646	1.59897	-0.314694	-0.541404	0.654303	0.423954
436	-107.479	7.74947	1.68153	-0.314128	-0.541243	0.654741	0.423934
437	-108.347	7.28263	1.80613	-0.314511	-0.541348	0.654363	0.424068
438	-109.193	6.83134	1.88604	-0.31425	-0.540903	0.654543	0.424582
439	-110.024	6.40904	2.00393	-0.314436	-0.541086	0.654565	0.424148
440	-110.838	5.96933	2.10208	-0.314449	-0.540976	0.65441	0.424547
441	-111.642	5.53796	2.18707	-0.314142	-0.540818	0.654431	0.424913
442	-112.439	5.12652	2.28923	-0.314392	-0.540807	0.654439	0.424761
443	-113.211	4.70463	2.40234	-0.314729	-0.540836	0.654219	0.424782
444	-113.996	4.31262	2.46073	-0.313982	-0.540456	0.65456	0.425323
445	-114.724	3.91776	2.57365	-0.314499	-0.540518	0.654296	0.425238
446	-115.461	3.52666	2.64996	-0.314259	-0.540447	0.654139	0.425778
447	-116.192	3.14133	2.72533	-0.314023	-0.540048	0.654343	0.426113
448	-116.865	2.74684	2.82131	-0.31447	-0.539974	0.653901	0.426587
449	-117.569	2.40122	2.90136	-0.314323	-0.539853	0.654287	0.426226
450	-118.265	2.02819	2.98782	-0.314592	-0.539909	0.654037	0.42637
451	-118.928	1.67796	3.068	-0.314262	-0.539661	0.654124	0.426764
452	-119.596	1.33797	3.14357	-0.314492	-0.539474	0.654251	0.426667
453	-120.228	1.00338	3.23048	-0.314317	-0.539521	0.653985	0.427113
454	-120.856	0.658541	3.31296	-0.314597	-0.53952	0.653759	0.427284
455	-121.453	0.368115	3.39126	-0.314782	-0.539353	0.654036	0.426905
456	-122.078	0.0429382	3.456	-0.314242	-0.539449	0.653798	0.427575
457	-123.438	-0.549591	3.37544	-0.311253	-0.537588	0.65671	0.427613
458	-123.882	-0.83376	3.52426	-0.311974	-0.538372	0.655711	0.427665
459	-124.535	-1.35876	3.57124	-0.312303	-0.53743	0.654559	0.430336
460	-125.134	-1.75432	3.64124	-0.311704	-0.537531	0.65327	0.432596
461	-125.92	-2.13622	3.68942	-0.31094	-0.536871	0.65407	0.432756
462	-126.506	-2.33973	3.74433	-0.310643	-0.536851	0.655033	0.431536
463	-127.276	-2.60428	3.87965	-0.310664	-0.537326	0.656363	0.428902
464	-127.791	-2.88486	3.99594	-0.310957	-0.537628	0.656153	0.428632
465	-128.281	-3.22299	4.0699	-0.311382	-0.53747	0.655217	0.429952
466	-128.669	-3.58501	4.13071	-0.311844	-0.536989	0.653776	0.432403
467	-129.352	-4.00771	4.22523	-0.311696	-0.536784	0.653262	0.43354
468	-129.785	-4.20949	4.32179	-0.312169	-0.537066	0.653503	0.432487
469	-130.262	-4.41075	4.32477	-0.311092	-0.536523	0.654011	0.433168
470	-130.763	-4.5666	4.39896	-0.310906	-0.537059	0.654723	0.431559
471	-131.004	-4.79464	4.51073	-0.311948	-0.537475	0.653149	0.432672
472	-131.046	-4.99445	4.59823	-0.313667	-0.537743	0.650996	0.434338
473	-131.279	-5.13398	4.69725	-0.314413	-0.538409	0.650034	0.434414
474	-131.977	-5.4331	4.75469	-0.313396	-0.538263	0.650885	0.434056
475	-132.719	-5.76776	4.74686	-0.311821	-0.53734	0.652044	0.434594
476	-133.787	-6.17378	4.73912	-0.309374	-0.535885	0.655175	0.433429
477	-134.083	-6.36399	4.83226	-0.309508	-0.536319	0.654151	0.434342
478	-133.898	-6.48309	4.9394	-0.311984	-0.537156	0.650956	0.436332
479	-133.933	-6.49508	5.08172	-0.313749	-0.538475	0.650222	0.434531
480	-134.447	-6.67554	5.14604	-0.31298	-0.538646	0.651105	0.43355
481	-135.263	-7.04979	5.10353	-0.310932	-0.53687	0.652863	0.434582
482	-135.797	-7.3774	5.07257	-0.308985	-0.535621	0.653021	0.437266
483	-135.987	-7.43741	5.17233	-0.310049	-0.536523	0.652995	0.435443
484	-136.029	-7.45849	5.19997	-0.310709	-0.53684	0.652504	0.435318
485	-136.288	-7.6415	5.20972	-0.31039	-0.536345	0.652461	0.436219
486	-136.592	-7.79978	5.25626	-0.310737	-0.53603	0.652669	0.43605
487	-136.569	-7.73622	5.37531	-0.311711	-0.537827	0.651816	0.434416
488	-137.04	-7.89671	5.40859	-0.311151	-0.537515	0.653053	0.433349
489	-137.104	-8.16363	5.41716	-0.311791	-0.536718	0.650987	0.436982
490	-137.495	-8.33152	5.52719	-0.311822	-0.537355	0.65123	0.435793
491	-137.81	-8.43998	5.55111	-0.311392	-0.536913	0.651961	0.435572
492	-138.084	-8.60968	5.48809	-0.310355	-0.535847	0.652386	0.436968
493	-138.06	-8.77485	5.46039	-0.310153	-0.535436	0.650185	0.440898
494	-138.455	-8.89823	5.48519	-0.309249	-0.534925	0.651888	0.439616
495	-138.617	-8.96608	5.48915	-0.308675	-0.534857	0.65211	0.43979
496	-138.674	-9.0427	5.47401	-0.308885	-0.534148	0.651965	0.440701
497	-138.761	-9.09007	5.49777	-0.308871	-0.534038	0.652146	0.440597
498	-138.782	-9.08695	5.52888	-0.309311	-0.534589	0.651849	0.440039
499	-138.796	-9.10268	5.51071	-0.309084	-0.53401	0.652154	0.440468
500	-138.793	-9.10532	5.51843	-0.309048	-0.534205	0.651954	0.440535
