1	-32.2823	26.1498	-1.0259	-0.376423	-0.534152	0.614086	0.442591
2	-32.2907	26.1435	-1.01266	-0.376865	-0.533995	0.614051	0.442451
3	-32.3315	26.1278	-1.02709	-0.376516	-0.533916	0.614161	0.442691
4	-32.3522	26.1313	-0.998114	-0.376586	-0.534476	0.613873	0.442356
5	-32.4449	26.0898	-1.02986	-0.376409	-0.533821	0.614193	0.442853
6	-32.5205	26.0697	-0.991415	-0.376636	-0.534368	0.614005	0.44226
7	-32.6157	26.0111	-1.00568	-0.376565	-0.534185	0.613789	0.442842
8	-32.7289	25.9967	-1.01088	-0.376595	-0.533865	0.614373	0.442391
9	-32.8312	25.9252	-0.998087	-0.376724	-0.533926	0.613786	0.443022
10	-32.9668	25.8977	-0.994383	-0.376635	-0.534093	0.613942	0.44268
11	-33.1188	25.8449	-0.991922	-0.37648	-0.534051	0.613962	0.442836
12	-33.2696	25.7914	-0.988526	-0.376284	-0.534114	0.614029	0.442833
13	-33.4554	25.7231	-0.967895	-0.3766	-0.534138	0.613869	0.44276
14	-33.6452	25.6691	-0.949823	-0.376714	-0.53427	0.61405	0.442255
15	-33.8452	25.5859	-0.965278	-0.376451	-0.534096	0.61404	0.442711
16	-34.0538	25.5059	-0.949253	-0.376499	-0.53409	0.614019	0.442727
17	-34.2901	25.4241	-0.948715	-0.37632	-0.534003	0.614016	0.442955
18	-34.5334	25.3209	-0.924635	-0.376498	-0.534171	0.613645	0.443114
19	-34.8129	25.225	-0.92275	-0.376552	-0.53398	0.613956	0.442867
20	-35.0731	25.1241	-0.907475	-0.376773	-0.533837	0.613862	0.442983
21	-35.368	25.0425	-0.903006	-0.376695	-0.5338	0.614333	0.44244
22	-35.6723	24.9161	-0.877892	-0.376723	-0.534001	0.613834	0.442867
23	-35.9864	24.8154	-0.865378	-0.376653	-0.534084	0.613889	0.442749
24	-36.3165	24.685	-0.876651	-0.376542	-0.533677	0.614116	0.44302
25	-36.663	24.5676	-0.844943	-0.376868	-0.533956	0.613877	0.442738
26	-37.011	24.4373	-0.823197	-0.376445	-0.534257	0.613615	0.443097
27	-37.404	24.3164	-0.802088	-0.376716	-0.534048	0.614123	0.442415
28	-37.7835	24.1575	-0.79117	-0.37689	-0.533927	0.613801	0.442859
29	-38.1746	24.0062	-0.76907	-0.376868	-0.534035	0.613551	0.443094
30	-38.5926	23.8573	-0.747698	-0.376873	-0.534166	0.613502	0.443
31	-39.0204	23.7076	-0.735726	-0.376864	-0.533896	0.613853	0.442847
32	-39.4803	23.5518	-0.719545	-0.376796	-0.534048	0.61371	0.442921
33	-39.9499	23.3847	-0.699749	-0.376772	-0.534096	0.61364	0.442985
34	-40.4119	23.2107	-0.693099	-0.376755	-0.533785	0.613727	0.443247
35	-40.8785	23.0521	-0.653856	-0.376916	-0.534019	0.613734	0.44282
36	-41.3873	22.8654	-0.631724	-0.376937	-0.534049	0.613652	0.442879
37	-41.9155	22.6606	-0.638688	-0.376878	-0.533522	0.61383	0.443318
38	-42.4337	22.478	-0.598167	-0.376939	-0.533717	0.613588	0.443366
39	-43.0027	22.272	-0.597385	-0.376939	-0.533567	0.613718	0.443365
40	-43.547	22.0963	-0.567454	-0.376708	-0.533871	0.613786	0.443102
41	-44.1335	21.8742	-0.533436	-0.376991	-0.533886	0.613467	0.443285
42	-44.6929	21.6758	-0.501237	-0.376896	-0.534011	0.613473	0.443207
43	-45.3022	21.4419	-0.481985	-0.376961	-0.533912	0.613162	0.443701
44	-45.9441	21.2215	-0.461225	-0.376902	-0.533951	0.613384	0.443398
45	-46.5519	20.9848	-0.419058	-0.376993	-0.534113	0.612811	0.443917
46	-47.2018	20.7726	-0.407245	-0.37712	-0.533751	0.61348	0.443321
47	-47.8621	20.551	-0.371923	-0.376938	-0.533945	0.61354	0.443159
48	-48.519	20.2956	-0.343937	-0.377142	-0.533876	0.613259	0.443456
49	-49.2155	20.0587	-0.321299	-0.376967	-0.533928	0.613299	0.443483
50	-49.9311	19.8071	-0.300723	-0.376981	-0.533683	0.613632	0.443283
51	-50.6381	19.568	-0.267718	-0.37683	-0.5339	0.613635	0.443173
52	-51.372	19.2894	-0.241718	-0.376872	-0.533644	0.613615	0.443473
53	-52.0961	19.0213	-0.198156	-0.377239	-0.533941	0.613209	0.443365
54	-52.8765	18.7617	-0.174189	-0.376838	-0.533923	0.6134	0.443464
55	-53.6504	18.4753	-0.144769	-0.376945	-0.533956	0.613134	0.443701
56	-54.4335	18.2114	-0.103798	-0.376922	-0.534062	0.613286	0.443383
57	-55.2192	17.9128	-0.0762057	-0.376973	-0.533933	0.613169	0.443657
58	-56.0426	17.607	-0.045661	-0.37719	-0.533661	0.613251	0.443686
59	-56.8705	17.3172	-0.00366611	-0.377107	-0.53386	0.613159	0.443644
60	-57.7134	17.0242	0.0267316	-0.377113	-0.533819	0.613297	0.443498
61	-58.5776	16.7247	0.0623715	-0.376857	-0.533973	0.613243	0.443604
62	-59.4479	16.4004	0.105222	-0.377293	-0.533854	0.613035	0.443664
63	-60.3434	16.0893	0.131202	-0.377225	-0.533512	0.613414	0.44361
64	-61.2286	15.7795	0.179074	-0.376963	-0.534028	0.613084	0.443664
65	-62.1407	15.4338	0.233087	-0.377558	-0.533851	0.612932	0.443568
66	-63.0884	15.1057	0.257485	-0.377286	-0.533877	0.613142	0.443495
67	-64.0381	14.7523	0.282447	-0.377087	-0.533711	0.612998	0.444062
68	-65.0005	14.4407	0.319427	-0.376977	-0.53379	0.61335	0.443573
69	-65.9785	14.0787	0.357859	-0.377148	-0.533558	0.61327	0.44382
70	-66.9589	13.7303	0.390659	-0.377291	-0.533438	0.613313	0.443782
71	-67.9527	13.3782	0.432683	-0.377266	-0.533423	0.613389	0.443716
72	-68.9685	12.985	0.464497	-0.377369	-0.533355	0.612908	0.444374
73	-70.0065	12.6324	0.519067	-0.377271	-0.533658	0.61274	0.444326
74	-71.0445	12.2779	0.56719	-0.377323	-0.533596	0.613072	0.443899
75	-72.0932	11.8621	0.605225	-0.377487	-0.533482	0.61256	0.444602
76	-73.1727	11.5074	0.63855	-0.377379	-0.533347	0.613026	0.444214
77	-74.2517	11.1186	0.705347	-0.378294	-0.533092	0.611575	0.445738
78	-75.3515	10.733	0.733741	-0.380445	-0.531258	0.610709	0.447282
79	-76.4747	10.3428	0.779681	-0.38151	-0.530537	0.609538	0.448827
80	-77.6045	9.96258	0.833962	-0.382451	-0.530132	0.608743	0.44959
81	-78.756	9.58327	0.875921	-0.382463	-0.529787	0.608319	0.450551
82	-79.9106	9.20222	0.902969	-0.383205	-0.529083	0.608234	0.450861
83	-81.0765	8.81088	0.981389	-0.383718	-0.529167	0.607492	0.451328
84	-82.2673	8.4095	1.03835	-0.384282	-0.528953	0.607002	0.451757
85	-83.4807	8.00065	1.05509	-0.38453	-0.528193	0.607244	0.45211
86	-84.6805	7.62475	1.10359	-0.384284	-0.528365	0.607246	0.452116
87	-85.9292	7.20309	1.16789	-0.384672	-0.528422	0.606869	0.452225
88	-87.1688	6.80046	1.23169	-0.384981	-0.528129	0.607064	0.452043
89	-88.4302	6.39219	1.25653	-0.384564	-0.528063	0.607191	0.452304
90	-89.6954	5.99407	1.32256	-0.384683	-0.528268	0.607207	0.451942
91	-90.9672	5.55726	1.36244	-0.384696	-0.528068	0.606921	0.452549
92	-92.2542	5.14427	1.43388	-0.384598	-0.528468	0.606586	0.452614
93	-93.5642	4.73027	1.47216	-0.384831	-0.527847	0.607409	0.452036
94	-94.8815	4.28462	1.52423	-0.384695	-0.528074	0.606792	0.452716
95	-96.2207	3.85366	1.57776	-0.384563	-0.527961	0.606975	0.452713
96	-97.5795	3.41987	1.62756	-0.384457	-0.527963	0.606997	0.452768
97	-98.939	2.99863	1.68946	-0.38453	-0.528067	0.607292	0.452169
98	-100.311	2.53638	1.75036	-0.384808	-0.527993	0.606882	0.452593
99	-101.696	2.08846	1.799	-0.384595	-0.527843	0.607011	0.452777
100	-103.105	1.62453	1.8601	-0.384695	-0.528047	0.606723	0.452839
101	-104.511	1.1789	1.90636	-0.384564	-0.527747	0.607073	0.452832
102	-105.947	0.709938	1.97539	-0.384618	-0.52808	0.606724	0.452866
103	-107.358	0.249111	2.04865	-0.384934	-0.528114	0.606455	0.452917
104	-108.836	-0.216522	2.10232	-0.38483	-0.528078	0.606612	0.452837
105	-110.278	-0.702597	2.17567	-0.385579	-0.527879	0.606384	0.452737
106	-111.751	-1.17171	2.22014	-0.385156	-0.527917	0.606524	0.452865
107	-113.244	-1.67033	2.28685	-0.385284	-0.527751	0.606199	0.453385
108	-114.745	-2.13565	2.36392	-0.385558	-0.527851	0.606425	0.452733
109	-116.248	-2.61778	2.42606	-0.385184	-0.528004	0.606218	0.45315
110	-117.786	-3.1071	2.4612	-0.385148	-0.527498	0.606971	0.452761
111	-119.288	-3.59986	2.54975	-0.384964	-0.528159	0.606165	0.453225
112	-120.85	-4.10897	2.59413	-0.384491	-0.527844	0.607085	0.45275
113	-122.371	-4.72311	2.65323	-0.32448	-0.567183	0.65007	0.387846
114	-123.727	-5.8965	2.67137	-0.229101	-0.61337	0.699189	0.287098
115	-123.599	-8.09323	2.8997	-0.161066	-0.64477	0.717594	0.2083
116	-123.993	-9.35624	2.95959	-0.0794027	-0.662712	0.735013	0.119432
117	-124.265	-11.0958	2.92396	-0.0194362	-0.668747	0.741243	0.0543809
118	-124.32	-12.719	2.94357	0.0210743	-0.670751	0.741328	0.00906414
119	-124.154	-14.386	2.89969	0.0505918	-0.669696	0.740587	-0.0218627
120	-123.895	-16.0466	2.8982	0.0715689	-0.668834	0.738515	-0.0461738
121	-123.533	-17.7067	2.8671	0.0813394	-0.668093	0.737435	-0.0567409
122	-123.218	-19.3042	2.85755	0.0813897	-0.668275	0.737246	-0.05693
123	-122.87	-20.9209	2.82623	0.081752	-0.668049	0.737456	-0.0564428
124	-122.537	-22.5445	2.81666	0.0814115	-0.668221	0.737299	-0.0568507
125	-122.172	-24.1834	2.78411	0.0811171	-0.668137	0.737428	-0.056476
126	-121.824	-25.8649	2.75431	0.080807	-0.668127	0.737467	-0.0567461
127	-121.484	-27.523	2.73893	0.0809675	-0.668212	0.737356	-0.0567335
128	-121.129	-29.1883	2.71931	0.0807409	-0.668253	0.737369	-0.0566288
129	-120.765	-30.8927	2.68739	0.0808241	-0.668171	0.737443	-0.0562849
130	-120.405	-32.5805	2.68848	0.0804547	-0.668604	0.737105	-0.0563253
131	-120.05	-34.2957	2.64761	0.0807356	-0.668355	0.73729	-0.0562369
132	-119.685	-36.0082	2.62477	0.0806682	-0.668509	0.737207	-0.0558075
133	-119.349	-37.7228	2.59255	0.080978	-0.668256	0.737364	-0.0560893
134	-118.984	-39.4661	2.56126	0.0808014	-0.668232	0.73741	-0.0562451
135	-118.622	-41.2049	2.54003	0.0809592	-0.668344	0.737288	-0.0560717
136	-118.257	-42.9558	2.50215	0.0805414	-0.668132	0.737537	-0.0561319
137	-117.901	-44.7309	2.50168	0.080862	-0.66855	0.737092	-0.0563398
138	-117.485	-46.5022	2.46531	0.0803105	-0.668492	0.737293	-0.0553822
139	-117.122	-48.2979	2.42833	0.0803935	-0.668152	0.737571	-0.0554459
140	-116.745	-50.0971	2.40145	0.0805398	-0.668253	0.737515	-0.0549899
141	-116.375	-51.9147	2.38413	0.0804019	-0.668483	0.737287	-0.0552206
142	-116	-53.753	2.34177	0.0800137	-0.668258	0.73752	-0.0556159
143	-115.628	-55.5691	2.31619	0.0800445	-0.668273	0.737487	-0.0556076
144	-115.238	-57.42	2.29736	0.0796499	-0.668289	0.737526	-0.0556912
145	-114.845	-59.2759	2.26495	0.0798493	-0.668222	0.737593	-0.0551032
146	-114.462	-61.1421	2.23682	0.0799876	-0.668375	0.737462	-0.0550063
147	-114.092	-63.0127	2.21957	0.0800792	-0.66847	0.73732	-0.0554072
148	-113.704	-64.8901	2.18011	0.0795063	-0.668262	0.737573	-0.0555973
149	-113.31	-66.7962	2.16074	0.0796227	-0.668479	0.737356	-0.0554781
150	-112.92	-68.722	2.1209	0.0797096	-0.668144	0.737692	-0.0551406
151	-112.523	-70.603	2.10904	0.0795121	-0.668452	0.737408	-0.0552776
152	-112.133	-72.5302	2.07793	0.0798163	-0.668512	0.737353	-0.0550564
153	-111.739	-74.4575	2.06041	0.0798914	-0.668766	0.737094	-0.0551055
154	-111.327	-76.4172	2.02917	0.0766933	-0.668945	0.737574	-0.0511417
155	-111.035	-78.3959	1.97248	0.0503623	-0.669738	0.740531	-0.0224848
156	-110.897	-80.3981	1.96013	0.0125986	-0.670124	0.741858	0.0205284
157	-111.056	-82.4135	1.9601	-0.0459962	-0.666438	0.739128	0.0860854
158	-111.689	-84.3515	1.9864	-0.137442	-0.650356	0.723339	0.18689
159	-112.922	-86.0105	2.09784	-0.258892	-0.609377	0.676926	0.321527
160	-114.832	-87.2141	2.19474	-0.367187	-0.547114	0.609832	0.440391
161	-117.147	-87.816	2.26825	-0.40941	-0.514858	0.57525	0.486202
162	-119.484	-88.3116	2.34936	-0.409692	-0.514968	0.575077	0.486052
163	-121.833	-88.8256	2.41549	-0.409867	-0.514891	0.574788	0.486328
164	-124.21	-89.2998	2.48052	-0.409838	-0.514912	0.575199	0.485843
165	-126.579	-89.8109	2.54953	-0.409949	-0.514928	0.574875	0.486117
166	-128.97	-90.3203	2.6135	-0.41028	-0.514739	0.574772	0.486159
167	-131.378	-90.7958	2.6862	-0.410113	-0.515022	0.575026	0.485701
168	-133.802	-91.3216	2.74655	-0.409999	-0.514991	0.574704	0.486212
169	-136.234	-91.8172	2.81108	-0.410013	-0.515099	0.57479	0.485985
170	-138.682	-92.3266	2.88004	-0.409963	-0.515203	0.574737	0.485981
171	-141.143	-92.8325	2.94245	-0.409635	-0.515426	0.574617	0.486184
172	-143.611	-93.3468	2.98904	-0.409704	-0.515155	0.574894	0.48606
173	-146.072	-93.8595	3.08008	-0.410086	-0.515433	0.574809	0.485561
174	-148.569	-94.3515	3.15247	-0.409887	-0.515657	0.575076	0.485159
175	-151.067	-94.896	3.21632	-0.410238	-0.515386	0.574832	0.485438
176	-153.543	-95.3986	3.28073	-0.409908	-0.515612	0.575188	0.485054
177	-156.046	-95.8992	3.34709	-0.409881	-0.515927	0.575276	0.484639
178	-158.565	-96.4294	3.42204	-0.409843	-0.516084	0.57516	0.484641
179	-161.058	-96.9499	3.48491	-0.418399	-0.508857	0.567833	0.493531
180	-163.57	-97.1208	3.5569	-0.470238	-0.459938	0.514199	0.550392
181	-166.1	-96.5449	3.64288	-0.552798	-0.355251	0.401412	0.638028
182	-167.796	-95.0295	3.66864	-0.628158	-0.194323	0.221985	0.719985
183	-168.66	-93.0259	3.69957	-0.655217	-0.0698459	0.0868424	0.747175
184	-169.092	-90.9466	3.75491	-0.656295	-0.06261	0.0783224	0.747811
185	-169.551	-88.8334	3.78072	-0.655863	-0.0620874	0.078554	0.74821
186	-170.001	-86.6986	3.84424	-0.656041	-0.0624455	0.0786207	0.748017
187	-170.474	-84.5804	3.89111	-0.656006	-0.062314	0.0782138	0.748101
188	-170.912	-82.4551	3.94395	-0.655874	-0.0624635	0.0786844	0.748155
189	-171.377	-80.3467	4.00957	-0.656211	-0.0623159	0.0784945	0.747892
190	-171.848	-78.1979	4.06137	-0.656159	-0.0622908	0.0782544	0.747965
191	-172.296	-76.0545	4.10044	-0.655964	-0.0627761	0.078387	0.748082
192	-172.77	-73.9008	4.1568	-0.655998	-0.0625987	0.0782637	0.74808
193	-173.231	-71.7413	4.21546	-0.656111	-0.0626537	0.0783557	0.747966
194	-173.717	-69.579	4.25913	-0.655968	-0.0622804	0.0781293	0.748147
195	-174.187	-67.3943	4.32095	-0.656096	-0.0627356	0.0779066	0.748019
196	-174.645	-65.2168	4.37732	-0.656061	-0.0627734	0.078243	0.748012
197	-175.121	-63.0413	4.4405	-0.656305	-0.0627738	0.0776973	0.747854
198	-175.592	-60.8532	4.48234	-0.656091	-0.062361	0.0783295	0.748011
199	-176.059	-58.6439	4.55413	-0.656205	-0.0628341	0.078311	0.747873
200	-176.546	-56.4632	4.57992	-0.65588	-0.0628522	0.0779924	0.74819
201	-177.007	-54.2731	4.64151	-0.655909	-0.0629236	0.0780596	0.748152
202	-177.456	-52.0768	4.69246	-0.655819	-0.0636109	0.0785893	0.748117
203	-177.94	-49.8552	4.75369	-0.656077	-0.062752	0.0789518	0.747925
204	-178.423	-47.6349	4.81979	-0.656303	-0.0634142	0.0784497	0.747724
205	-178.911	-45.4207	4.86256	-0.656023	-0.0631698	0.0784312	0.747992
206	-179.399	-43.1921	4.92676	-0.656126	-0.0634068	0.0780713	0.747919
207	-179.873	-40.9452	4.96166	-0.655841	-0.0635647	0.0785856	0.748102
208	-180.354	-38.6962	5.04537	-0.656199	-0.0637914	0.0785247	0.747775
209	-180.862	-36.4588	5.07763	-0.655831	-0.0633897	0.0783791	0.748147
210	-181.323	-34.2017	5.14583	-0.656156	-0.0635015	0.0791064	0.747776
211	-181.827	-31.9326	5.2161	-0.656578	-0.0634847	0.0787167	0.747448
212	-182.303	-29.6519	5.28787	-0.656673	-0.0643313	0.0788697	0.747275
213	-182.795	-27.3637	5.32854	-0.656561	-0.064353	0.0791571	0.747342
214	-183.335	-25.0223	5.39534	-0.656853	-0.0644707	0.0783758	0.747157
215	-183.825	-22.7014	5.43724	-0.65662	-0.0645971	0.0788158	0.747305
216	-184.33	-20.3766	5.49363	-0.656764	-0.0642313	0.0792866	0.747161
217	-184.838	-18.0148	5.55441	-0.656781	-0.0646777	0.0791168	0.747125
218	-185.375	-15.6476	5.60318	-0.656865	-0.0645109	0.0790565	0.747071
219	-185.883	-13.2878	5.65074	-0.656797	-0.064463	0.0796344	0.747074
220	-186.407	-10.8892	5.70221	-0.656636	-0.0645441	0.079312	0.747243
221	-186.937	-8.50309	5.76058	-0.656723	-0.0646736	0.0791884	0.747168
222	-187.467	-6.11067	5.8155	-0.656794	-0.064594	0.0791151	0.747121
223	-187.988	-3.70741	5.87622	-0.65697	-0.0647979	0.0792097	0.746938
224	-188.504	-1.29354	5.92732	-0.656912	-0.0651541	0.0795948	0.746917
225	-189.021	1.12076	5.97611	-0.656793	-0.0651529	0.0799997	0.746979
226	-189.571	3.52339	6.03021	-0.656979	-0.0652663	0.0791974	0.746891
227	-190.087	5.96047	6.09264	-0.65714	-0.0651349	0.0801593	0.746658
228	-190.633	8.39812	6.14216	-0.657067	-0.0653663	0.0798874	0.746731
229	-191.179	10.8296	6.20995	-0.657393	-0.0649238	0.0802541	0.746443
230	-191.715	13.2611	6.27293	-0.657539	-0.0652827	0.0799166	0.74632
231	-192.239	15.7224	6.3096	-0.657186	-0.0656497	0.0803805	0.746549
232	-192.781	18.1555	6.36263	-0.657221	-0.0656844	0.0804331	0.746509
233	-193.338	20.6073	6.41014	-0.65727	-0.0657353	0.0804931	0.746454
234	-193.848	23.082	6.46278	-0.657266	-0.0663167	0.0809421	0.746359
235	-194.411	25.5289	6.51073	-0.657222	-0.0663131	0.0806649	0.746428
236	-194.956	27.9822	6.56448	-0.657175	-0.0664749	0.0805696	0.746465
237	-195.516	30.4576	6.61218	-0.657266	-0.0660497	0.0810227	0.746374
238	-196.057	32.8961	6.66311	-0.657064	-0.0669214	0.08072	0.746507
239	-196.604	35.3604	6.72785	-0.657428	-0.0667802	0.0811508	0.746152
240	-197.152	37.8182	6.77484	-0.657343	-0.0670561	0.0812602	0.746191
241	-197.703	40.2705	6.80765	-0.657008	-0.0669862	0.0812318	0.746494
242	-198.249	42.7069	6.89244	-0.657445	-0.0671346	0.0814913	0.746067
243	-198.807	45.1717	6.93804	-0.65752	-0.067088	0.0815727	0.745997
244	-199.373	47.6467	6.99642	-0.657412	-0.0672018	0.081486	0.746091
245	-199.92	50.1217	7.02486	-0.657199	-0.0677494	0.0814275	0.746236
246	-200.478	52.5797	7.08311	-0.65735	-0.0679283	0.0813182	0.746099
247	-201.044	55.0342	7.12557	-0.657164	-0.0675309	0.0816524	0.746262
248	-201.563	57.452	7.19913	-0.657653	-0.0675666	0.0825554	0.745728
249	-202.123	59.9042	7.22897	-0.657947	-0.062808	0.0776095	0.746417
250	-202.247	62.4099	7.27767	-0.661053	0.0600453	-0.057417	0.745725
251	-200.043	62.94	7.68296	-0.649484	0.21115	-0.201957	0.701997
252	-198.123	64.5919	7.50848	-0.592825	0.348125	-0.360206	0.63057
253	-195.973	65.6262	7.38959	-0.575064	0.378452	-0.395363	0.608082
254	-193.802	66.606	7.24804	-0.574905	0.378566	-0.395262	0.608227
255	-191.609	67.5954	7.12296	-0.575118	0.378507	-0.39518	0.608115
256	-189.419	68.5881	6.99578	-0.574931	0.378841	-0.394893	0.608272
257	-187.224	69.5977	6.86768	-0.575255	0.378697	-0.395152	0.607886
258	-185.024	70.5665	6.71756	-0.575228	0.378113	-0.395123	0.608294
259	-182.83	71.5674	6.59003	-0.5751	0.378398	-0.395252	0.608155
260	-180.624	72.5647	6.44638	-0.574959	0.378347	-0.394994	0.608486
261	-178.452	73.5537	6.32272	-0.575155	0.378358	-0.395122	0.60821
262	-176.263	74.5322	6.18738	-0.575086	0.378475	-0.39479	0.608418
263	-174.102	75.5326	6.05344	-0.57512	0.37836	-0.395451	0.608028
264	-171.908	76.5233	5.91708	-0.575029	0.378388	-0.39515	0.60829
265	-169.724	77.4887	5.78557	-0.575311	0.378053	-0.39493	0.608367
266	-167.534	78.5004	5.64538	-0.575395	0.37773	-0.395641	0.607987
267	-165.382	79.477	5.52097	-0.575436	0.377956	-0.395352	0.608045
268	-163.205	80.4615	5.38895	-0.575304	0.378243	-0.395049	0.608189
269	-161.035	81.4339	5.27165	-0.575956	0.377992	-0.39485	0.607857
270	-158.869	82.4376	5.12022	-0.575304	0.378087	-0.395229	0.608169
271	-156.696	83.4048	4.98064	-0.575342	0.377983	-0.394847	0.608446
272	-154.524	84.3878	4.85147	-0.57549	0.377777	-0.39492	0.608387
273	-152.362	85.3799	4.72843	-0.575453	0.378127	-0.39491	0.60821
274	-150.211	86.3378	4.57624	-0.575515	0.377353	-0.394702	0.608767
275	-148.057	87.3301	4.45814	-0.575516	0.377808	-0.39469	0.608492
276	-145.902	88.3252	4.31995	-0.575164	0.378125	-0.394975	0.608443
277	-143.757	89.321	4.17893	-0.574785	0.378009	-0.395751	0.608368
278	-141.574	90.2922	4.0502	-0.575245	0.377628	-0.395339	0.608439
279	-139.405	91.2652	3.92343	-0.575119	0.377726	-0.395009	0.608711
280	-137.219	92.2577	3.79546	-0.575185	0.377678	-0.394847	0.608784
281	-135.047	93.2585	3.65605	-0.575234	0.377656	-0.3953	0.608457
282	-132.849	94.2301	3.52069	-0.57518	0.377446	-0.394666	0.60905
283	-130.659	95.2251	3.38691	-0.575201	0.377272	-0.394944	0.608958
284	-128.48	96.2135	3.26408	-0.575568	0.377178	-0.394748	0.608801
285	-126.299	97.2135	3.13867	-0.575377	0.377507	-0.39439	0.609024
286	-124.122	98.2044	2.98858	-0.575482	0.377012	-0.39464	0.609049
287	-121.95	99.1603	2.8687	-0.575251	0.377123	-0.393695	0.60981
288	-119.771	100.182	2.7527	-0.575649	0.377283	-0.394092	0.609079
289	-117.565	101.179	2.60042	-0.575593	0.376907	-0.394187	0.609304
290	-115.388	102.206	2.48879	-0.57577	0.377164	-0.394612	0.608701
291	-113.175	103.221	2.35704	-0.575511	0.377364	-0.39445	0.608927
292	-110.976	104.221	2.20996	-0.575407	0.37727	-0.394618	0.608975
293	-108.784	105.232	2.08454	-0.575664	0.377238	-0.394662	0.608724
294	-106.57	106.228	1.94097	-0.575712	0.37686	-0.394717	0.608876
295	-104.375	107.244	1.79657	-0.575309	0.376906	-0.394863	0.609135
296	-102.175	108.257	1.69145	-0.575801	0.377154	-0.39504	0.6084
297	-99.9832	109.253	1.528	-0.575164	0.376953	-0.395113	0.60908
298	-97.7977	110.272	1.4038	-0.575516	0.376637	-0.395735	0.608539
299	-95.5847	111.276	1.27279	-0.575322	0.376967	-0.395236	0.608843
300	-93.4097	112.257	1.12714	-0.57502	0.376798	-0.395285	0.609201
301	-91.1874	113.272	1.01387	-0.575329	0.376911	-0.395089	0.608966
302	-89.0045	114.282	0.854874	-0.574722	0.377038	-0.395665	0.609087
303	-86.8111	115.258	0.756569	-0.575363	0.376758	-0.395134	0.609
304	-84.6512	116.249	0.606625	-0.575083	0.376778	-0.39539	0.609093
305	-82.5002	117.233	0.481177	-0.575078	0.376631	-0.395551	0.609105
306	-80.3035	118.25	0.356329	-0.574889	0.37684	-0.395633	0.609072
307	-78.1181	119.24	0.22514	-0.57503	0.376621	-0.395566	0.609118
308	-75.9586	120.209	0.101779	-0.575228	0.376405	-0.395326	0.609221
309	-73.7837	121.191	-0.0245025	-0.575245	0.376374	-0.395113	0.609362
310	-71.6627	122.189	-0.152986	-0.574958	0.376575	-0.395553	0.609223
311	-69.5051	123.155	-0.278317	-0.575173	0.376398	-0.395237	0.609335
312	-67.3693	124.138	-0.39774	-0.575465	0.376098	-0.395848	0.608847
313	-65.2401	125.11	-0.531091	-0.575247	0.375979	-0.395894	0.609096
314	-63.1011	126.09	-0.669598	-0.575061	0.37575	-0.396156	0.609243
315	-60.9995	127.059	-0.790451	-0.575055	0.375873	-0.396163	0.609169
316	-58.8628	128.04	-0.911472	-0.57501	0.375926	-0.396257	0.609117
317	-56.737	128.993	-1.06022	-0.574425	0.375677	-0.3962	0.609859
318	-54.6435	129.962	-1.15002	-0.574825	0.375824	-0.396314	0.609317
319	-52.5484	130.973	-1.26593	-0.574802	0.376128	-0.397457	0.608407
320	-50.4364	131.906	-1.39013	-0.55906	0.399451	-0.423982	0.590026
321	-48.1805	132.225	-1.54268	0.469076	-0.500005	0.543609	-0.484205
322	-45.8577	131.53	-1.81862	0.356076	-0.576562	0.63991	-0.362354
323	-43.8485	130.043	-1.87996	0.275463	-0.615513	0.686471	-0.272068
324	-42.1469	128.098	-1.9221	0.22468	-0.633536	0.70839	-0.215254
325	-40.735	125.945	-1.94693	0.191304	-0.642906	0.719723	-0.179092
326	-39.4618	123.701	-1.97208	0.16758	-0.64828	0.726968	-0.152208
327	-38.3721	121.427	-2.00232	0.160637	-0.649569	0.729006	-0.144245
328	-37.2792	119.135	-2.01544	0.160448	-0.649558	0.729083	-0.144114
329	-36.2007	116.848	-1.99747	0.160414	-0.650136	0.728456	-0.144714
330	-35.0929	114.585	-2.00042	0.160533	-0.650274	0.728514	-0.143668
331	-34.0189	112.33	-2.01566	0.159789	-0.650546	0.728292	-0.144387
332	-32.9075	110.047	-2.00162	0.159496	-0.651222	0.727801	-0.14415
333	-31.8033	107.793	-2.03443	0.159248	-0.650768	0.72842	-0.143353
334	-30.7518	105.565	-2.05612	0.159101	-0.650834	0.728333	-0.143677
335	-29.6677	103.295	-2.05258	0.158827	-0.651197	0.728088	-0.143629
336	-28.5979	101.049	-2.08425	0.159293	-0.650793	0.728414	-0.143202
337	-27.5112	98.8232	-2.08166	0.159285	-0.651069	0.7283	-0.142626
338	-26.4478	96.5849	-2.09845	0.159194	-0.650936	0.728461	-0.142419
339	-25.396	94.367	-2.11987	0.158853	-0.650944	0.72853	-0.142501
340	-24.3538	92.1643	-2.12331	0.15875	-0.651212	0.728247	-0.142748
341	-23.3156	89.9709	-2.13096	0.158321	-0.651379	0.728138	-0.143108
342	-22.2659	87.7541	-2.145	0.158732	-0.651245	0.72827	-0.142499
343	-21.1961	85.5586	-2.19682	0.157981	-0.650883	0.728894	-0.141888
344	-20.1422	83.3839	-2.182	0.158098	-0.651386	0.728551	-0.141118
345	-19.0804	81.2236	-2.22257	0.157509	-0.651113	0.729121	-0.140184
346	-18.061	79.0523	-2.26577	0.157336	-0.650648	0.729564	-0.14014
347	-17.0337	76.9151	-2.26816	0.156895	-0.650817	0.729656	-0.139457
348	-15.9899	74.794	-2.27815	0.155935	-0.650898	0.729966	-0.138444
349	-14.9751	72.701	-2.27851	0.155767	-0.651321	0.729844	-0.13737
350	-13.9511	70.5785	-2.28632	0.154357	-0.651666	0.729962	-0.136609
351	-13.0081	68.5112	-2.29195	0.154461	-0.651715	0.729892	-0.13672
352	-12.0507	66.4495	-2.30844	0.15359	-0.651711	0.73006	-0.136732
353	-11.1049	64.3965	-2.32816	0.153155	-0.651565	0.730319	-0.136625
354	-10.1694	62.3284	-2.35293	0.15329	-0.651291	0.730618	-0.136083
355	-9.24487	60.3214	-2.37718	0.153289	-0.651046	0.730893	-0.135875
356	-8.26629	58.3178	-2.37714	0.152644	-0.651289	0.731112	-0.134157
357	-7.3444	56.3316	-2.39712	0.151978	-0.651052	0.731507	-0.134004
358	-6.40119	54.3348	-2.43306	0.151578	-0.650723	0.732118	-0.132613
359	-5.44292	52.3956	-2.41649	0.150337	-0.651325	0.732162	-0.130915
360	-4.5206	50.4674	-2.41911	0.149316	-0.65155	0.732365	-0.129727
361	-3.64759	48.495	-2.45479	0.148722	-0.651065	0.73303	-0.129185
362	-2.76356	46.5793	-2.48122	0.147448	-0.65068	0.733701	-0.128674
363	-1.91152	44.6651	-2.4859	0.146384	-0.650657	0.734012	-0.12833
364	-1.2442	42.7113	-2.51292	0.0690423	-0.659149	0.747627	-0.042547
365	-1.17427	40.7824	-2.40693	-0.0654398	-0.655655	0.74504	0.103798
366	-1.71188	38.6606	-2.37231	-0.203274	-0.622212	0.711868	0.254511
367	-3.16444	37.1094	-2.31794	-0.289079	-0.585408	0.672809	0.347934
368	-4.84877	36.0404	-2.22854	-0.338939	-0.557739	0.642296	0.401875
369	-6.6369	35.22	-2.13723	-0.370034	-0.537916	0.619944	0.43519
370	-8.44706	34.5733	-2.0378	-0.380042	-0.531476	0.612011	0.445583
371	-10.2567	33.921	-1.97156	-0.380424	-0.530664	0.612189	0.44598
372	-12.0525	33.2912	-1.87819	-0.38043	-0.531158	0.611521	0.446303
373	-13.8222	32.6798	-1.81535	-0.380439	-0.530757	0.61176	0.446445
374	-15.5959	32.0595	-1.74076	-0.380746	-0.53071	0.611532	0.446551
375	-17.369	31.4457	-1.67395	-0.380822	-0.53049	0.611459	0.446847
376	-19.1035	30.8356	-1.60475	-0.380713	-0.530499	0.611182	0.447309
377	-20.8316	30.2333	-1.53699	-0.381318	-0.529968	0.611321	0.447233
378	-22.5349	29.6263	-1.45164	-0.381679	-0.529937	0.610756	0.447733
379	-24.2193	29.0516	-1.37696	-0.381813	-0.530035	0.610734	0.447533
380	-25.9162	28.4745	-1.30064	-0.381872	-0.530007	0.610675	0.447596
381	-27.5756	27.8907	-1.22442	-0.381976	-0.530042	0.610253	0.448042
382	-29.2392	27.3241	-1.15191	-0.381999	-0.530102	0.610116	0.448137
383	-30.8851	26.7592	-1.09472	-0.382069	-0.529766	0.610199	0.448363
384	-32.5197	26.2016	-1.0063	-0.382267	-0.5302	0.609739	0.448306
385	-34.1433	25.6377	-0.934141	-0.382471	-0.530137	0.609417	0.448645
386	-35.7529	25.0754	-0.871071	-0.382336	-0.530085	0.609296	0.448986
387	-37.3587	24.5424	-0.812249	-0.382611	-0.529753	0.609536	0.448817
388	-38.9494	24.0111	-0.738452	-0.382406	-0.530181	0.609049	0.449147
389	-40.5075	23.4999	-0.674594	-0.382386	-0.530074	0.609365	0.448862
390	-42.065	22.9801	-0.622893	-0.382411	-0.529943	0.609399	0.448949
391	-43.6295	22.4363	-0.550996	-0.38284	-0.52967	0.609368	0.448948
392	-45.1578	21.9307	-0.494368	-0.382543	-0.529813	0.609317	0.449101
393	-46.6782	21.4147	-0.427321	-0.382597	-0.529849	0.609147	0.449243
394	-48.1724	20.9181	-0.362094	-0.382726	-0.529853	0.609092	0.449203
395	-49.6658	20.4255	-0.300474	-0.38257	-0.529998	0.609025	0.449255
396	-51.1628	19.9114	-0.26108	-0.382604	-0.529713	0.609014	0.449577
397	-52.6064	19.4396	-0.185323	-0.38261	-0.529972	0.608908	0.449407
398	-54.0421	18.9488	-0.121106	-0.382689	-0.529996	0.608699	0.44959
399	-55.4886	18.4754	-0.0674953	-0.382614	-0.529818	0.608956	0.449502
400	-56.9199	18.0003	-0.0178561	-0.382573	-0.529841	0.608937	0.449557
401	-58.3379	17.5204	0.0326399	-0.38236	-0.52977	0.608966	0.449762
402	-59.7203	17.0535	0.110514	-0.382853	-0.529866	0.608698	0.449613
403	-61.1063	16.5831	0.15072	-0.382775	-0.529593	0.608835	0.449794
404	-62.4894	16.1219	0.218218	-0.383002	-0.529693	0.608774	0.449588
405	-63.8444	15.6793	0.269492	-0.382728	-0.52982	0.608757	0.449673
406	-65.1929	15.2219	0.323835	-0.382883	-0.529739	0.608635	0.449823
407	-66.5226	14.7695	0.37964	-0.382927	-0.529759	0.608445	0.449998
408	-67.8314	14.3362	0.427263	-0.382708	-0.529806	0.608472	0.450113
409	-69.1316	13.9071	0.484725	-0.38283	-0.529686	0.608626	0.449921
410	-70.4295	13.4696	0.532314	-0.383037	-0.529522	0.608732	0.449816
411	-71.7021	13.0436	0.585916	-0.383017	-0.529661	0.608291	0.450244
412	-72.9631	12.6354	0.635529	-0.383027	-0.529582	0.60846	0.450121
413	-74.2186	12.2237	0.689851	-0.383097	-0.529651	0.608568	0.449813
414	-75.446	11.8085	0.731061	-0.382869	-0.529644	0.608733	0.449813
415	-76.6634	11.4081	0.779426	-0.382266	-0.529997	0.608975	0.449561
416	-77.8532	10.9965	0.836215	-0.382213	-0.530203	0.609146	0.449154
417	-79.0353	10.5875	0.873007	-0.38174	-0.530347	0.609189	0.449306
418	-80.2161	10.1995	0.923508	-0.381857	-0.530208	0.609691	0.448711
419	-81.3682	9.79861	0.97583	-0.381631	-0.530548	0.609536	0.448691
420	-82.5059	9.41094	1.02321	-0.381629	-0.530564	0.609618	0.448584
421	-83.6496	9.01529	1.05988	-0.381569	-0.53039	0.60983	0.44853
422	-84.7615	8.6367	1.11138	-0.381343	-0.530658	0.609778	0.448497
423	-85.868	8.26183	1.15078	-0.381098	-0.530571	0.609892	0.448633
424	-86.9603	7.89128	1.20481	-0.381377	-0.530886	0.609814	0.44815
425	-88.0044	7.51101	1.24288	-0.380951	-0.530939	0.609572	0.448757
426	-89.0739	7.17096	1.28	-0.380651	-0.53106	0.609793	0.448591
427	-90.1011	6.81288	1.32547	-0.380697	-0.53106	0.609936	0.448334
428	-91.1249	6.46687	1.35839	-0.3808	-0.530898	0.610232	0.448058
429	-92.1314	6.10726	1.40769	-0.380855	-0.530914	0.609962	0.448337
430	-93.152	5.76751	1.44402	-0.380486	-0.530939	0.610163	0.44837
431	-94.1218	5.4413	1.48884	-0.380566	-0.531121	0.610202	0.448012
432	-95.0753	5.10671	1.52447	-0.380611	-0.530986	0.610186	0.448177
433	-96.0443	4.79524	1.587	-0.380895	-0.531335	0.610272	0.447382
434	-96.9917	4.46708	1.59771	-0.380206	-0.531199	0.610333	0.448068
435	-97.906	4.14694	1.63816	-0.380211	-0.531173	0.610347	0.448054
436	-98.8267	3.82121	1.68426	-0.380513	-0.531345	0.610118	0.447926
437	-99.7134	3.54126	1.72171	-0.380082	-0.531572	0.610377	0.447649
438	-100.609	3.23082	1.74952	-0.380112	-0.531312	0.610455	0.447847
439	-101.454	2.92581	1.79861	-0.380382	-0.531481	0.61008	0.447908
440	-102.3	2.63292	1.81795	-0.380266	-0.531118	0.610425	0.447987
441	-103.133	2.33823	1.86876	-0.380248	-0.531417	0.610027	0.448169
442	-103.979	2.08291	1.89897	-0.379951	-0.531616	0.610453	0.447625
443	-104.798	1.79051	1.91298	-0.379881	-0.531268	0.610548	0.447947
444	-105.59	1.51956	1.96692	-0.380178	-0.531552	0.610405	0.447574
445	-106.357	1.2451	1.99377	-0.380447	-0.531329	0.610353	0.447661
446	-107.132	0.976159	2.03429	-0.380526	-0.53126	0.610249	0.447837
447	-107.893	0.700827	2.05214	-0.380216	-0.531212	0.610234	0.448158
448	-108.632	0.462101	2.09702	-0.380407	-0.531538	0.610244	0.447616
449	-109.341	0.207915	2.13059	-0.380418	-0.531394	0.610211	0.447801
450	-110.052	-0.0146051	2.16742	-0.380445	-0.531664	0.610344	0.447297
451	-110.75	-0.263144	2.18041	-0.380162	-0.531512	0.610304	0.447752
452	-111.437	-0.48787	2.19631	-0.3795	-0.531764	0.610165	0.448224
453	-112.771	-0.988896	2.06202	-0.378495	-0.52964	0.611872	0.449239
454	-113.63	-1.31192	2.05711	-0.378428	-0.528898	0.612507	0.449327
455	-114.439	-1.59075	2.0811	-0.377907	-0.528934	0.612505	0.449704
456	-115.146	-1.85119	2.08097	-0.377901	-0.528469	0.61294	0.449684
457	-115.795	-2.05985	2.09985	-0.377671	-0.528331	0.613252	0.449592
458	-116.415	-2.35438	2.13448	-0.37762	-0.528292	0.612467	0.450772
459	-116.905	-2.55352	2.20972	-0.378077	-0.528611	0.61172	0.451007
460	-117.443	-2.78541	2.28346	-0.378721	-0.528928	0.610786	0.451383
461	-118.035	-2.96795	2.37857	-0.379206	-0.529349	0.610821	0.450412
462	-118.701	-3.21184	2.34327	-0.378536	-0.528632	0.611388	0.451069
463	-119.343	-3.41034	2.37499	-0.37824	-0.528826	0.611671	0.450686
464	-120.23	-3.66655	2.30122	-0.377313	-0.527267	0.61366	0.450607
465	-120.973	-3.90699	2.24027	-0.375707	-0.526573	0.614609	0.451444
466	-121.513	-4.13854	2.26787	-0.375651	-0.526124	0.614563	0.452098
467	-121.934	-4.26595	2.32443	-0.375908	-0.526493	0.614335	0.451742
468	-122.465	-4.42745	2.38626	-0.376004	-0.526938	0.614458	0.450997
469	-122.847	-4.57217	2.48679	-0.376615	-0.52745	0.613932	0.450584
470	-123.104	-4.68246	2.5298	-0.376823	-0.527857	0.61317	0.450992
471	-123.302	-4.84562	2.58242	-0.377648	-0.528067	0.611682	0.452053
472	-123.606	-4.98608	2.58177	-0.377645	-0.527632	0.611429	0.452927
473	-124.016	-5.17647	2.52778	-0.377281	-0.526626	0.611733	0.453968
474	-124.533	-5.27918	2.50436	-0.376263	-0.526313	0.613002	0.453485
475	-125.283	-5.4547	2.38663	-0.374088	-0.52469	0.615728	0.453452
476	-126.142	-5.68837	2.23798	-0.371238	-0.52261	0.618453	0.454507
477	-126.395	-5.84763	2.29583	-0.371862	-0.522687	0.617381	0.455344
478	-126.614	-5.97174	2.36428	-0.372476	-0.523115	0.616388	0.455717
479	-126.919	-6.06609	2.48184	-0.373447	-0.523965	0.616002	0.454445
480	-127.08	-6.11092	2.58988	-0.374136	-0.525236	0.615192	0.453529
481	-127.118	-6.13018	2.70694	-0.375793	-0.526434	0.613778	0.452663
482	-127.236	-6.28885	2.82804	-0.377738	-0.526657	0.611964	0.453262
483	-127.66	-6.44474	2.79213	-0.376686	-0.526069	0.612427	0.454173
484	-127.775	-6.50683	2.87742	-0.377638	-0.5268	0.611486	0.453825
485	-128.166	-6.59205	2.8053	-0.376027	-0.526017	0.612986	0.454026
486	-128.488	-6.72173	2.78761	-0.375908	-0.525357	0.613307	0.454475
487	-128.86	-6.82572	2.78801	-0.37526	-0.525169	0.614153	0.454064
488	-129.014	-6.95169	2.88028	-0.376092	-0.525672	0.612677	0.454807
489	-129.224	-7.0055	2.92176	-0.376495	-0.525915	0.61273	0.4541
490	-129.899	-7.14712	2.83502	-0.374181	-0.524685	0.615505	0.453704
491	-129.994	-7.1709	2.84525	-0.374289	-0.524809	0.615676	0.453218
492	-130.083	-7.21845	2.84367	-0.374366	-0.524423	0.615564	0.453774
493	-130.161	-7.23714	2.85285	-0.374159	-0.524667	0.6157	0.453457
494	-130.223	-7.2573	2.84906	-0.373799	-0.524698	0.615552	0.45394
495	-130.284	-7.27498	2.86477	-0.374628	-0.524487	0.615717	0.453256
496	-130.343	-7.29709	2.86107	-0.374289	-0.52458	0.615648	0.453544
497	-130.37	-7.31038	2.8855	-0.374454	-0.524978	0.615246	0.45347
498	-130.388	-7.30955	2.86921	-0.374471	-0.524635	0.6157	0.453258
499	-130.398	-7.33268	2.87442	-0.374712	-0.524576	0.615205	0.453778
500	-130.404	-7.32406	2.87717	-0.374357	-0.52461	0.615333	0.453879
