1	-26.5354	0.367285	-1.34215	-0.440944	-0.48175	0.554784	0.515463
2	-26.5474	0.365694	-1.35764	-0.440652	-0.481525	0.554849	0.515853
3	-26.5541	0.354173	-1.34146	-0.440534	-0.482084	0.554279	0.516045
4	-26.6145	0.366913	-1.33601	-0.440892	-0.482064	0.554529	0.515489
5	-26.6846	0.350994	-1.33627	-0.440889	-0.481744	0.554559	0.515757
6	-26.7487	0.350592	-1.32944	-0.440729	-0.482004	0.554691	0.51551
7	-26.8432	0.330033	-1.33072	-0.440699	-0.481877	0.554358	0.516012
8	-26.9523	0.323574	-1.33095	-0.440817	-0.481715	0.554708	0.515686
9	-27.0726	0.30934	-1.33071	-0.440518	-0.481989	0.55443	0.515984
10	-27.1944	0.307463	-1.3194	-0.440786	-0.481777	0.554666	0.515699
11	-27.3463	0.277787	-1.31074	-0.440732	-0.482036	0.554224	0.51598
12	-27.4827	0.271344	-1.30447	-0.4408	-0.481953	0.554519	0.515681
13	-27.6637	0.254697	-1.3003	-0.440832	-0.481969	0.5544	0.515767
14	-27.8288	0.240701	-1.28004	-0.440964	-0.481863	0.554554	0.515588
15	-28.0251	0.224551	-1.28778	-0.440417	-0.481963	0.554547	0.515969
16	-28.2588	0.198639	-1.28166	-0.440697	-0.481618	0.554463	0.516143
17	-28.4768	0.176909	-1.27528	-0.440847	-0.481637	0.554636	0.515811
18	-28.7001	0.174757	-1.25158	-0.440725	-0.481966	0.554809	0.515421
19	-28.9562	0.129808	-1.25332	-0.440832	-0.481617	0.554621	0.515858
20	-29.2175	0.109847	-1.2356	-0.440903	-0.481898	0.554384	0.515791
21	-29.4916	0.100587	-1.22821	-0.440632	-0.482005	0.554659	0.515626
22	-29.789	0.0719934	-1.2041	-0.441092	-0.481799	0.554884	0.515183
23	-30.0876	0.0256435	-1.21179	-0.440643	-0.481672	0.554563	0.516031
24	-30.3978	0.00318007	-1.18936	-0.440736	-0.481877	0.554488	0.515841
25	-30.7454	-0.0468287	-1.19234	-0.440597	-0.481735	0.554225	0.516374
26	-31.0642	-0.0721542	-1.15733	-0.440869	-0.481844	0.554301	0.51596
27	-31.427	-0.0717685	-1.14827	-0.440695	-0.482062	0.55463	0.51555
28	-31.7935	-0.133897	-1.12805	-0.440955	-0.481756	0.554532	0.515719
29	-32.1955	-0.176503	-1.11987	-0.440934	-0.481552	0.554485	0.515979
30	-32.587	-0.211595	-1.08933	-0.441015	-0.481927	0.554252	0.51581
31	-33.0007	-0.242061	-1.07387	-0.440894	-0.481985	0.554153	0.515968
32	-33.428	-0.269796	-1.07801	-0.440369	-0.481977	0.5546	0.515951
33	-33.8564	-0.315846	-1.04718	-0.440691	-0.482086	0.554409	0.515802
34	-34.3289	-0.360422	-1.02916	-0.440809	-0.481923	0.554486	0.515822
35	-34.7879	-0.407752	-1.01246	-0.440898	-0.481813	0.554543	0.515701
36	-35.2756	-0.441257	-0.992775	-0.440807	-0.481841	0.554669	0.515617
37	-35.7725	-0.505384	-0.971512	-0.440821	-0.48198	0.554124	0.51606
38	-36.2844	-0.549944	-0.960091	-0.440903	-0.481642	0.55443	0.515977
39	-36.7945	-0.573895	-0.941766	-0.440688	-0.481723	0.554919	0.51556
40	-37.3485	-0.649751	-0.911601	-0.440682	-0.481845	0.554304	0.516112
41	-37.8936	-0.687754	-0.893377	-0.440772	-0.48195	0.554523	0.515702
42	-38.4531	-0.755527	-0.868035	-0.440824	-0.481833	0.554228	0.516083
43	-39.0496	-0.817117	-0.842762	-0.441048	-0.48172	0.554177	0.516052
44	-39.6249	-0.855691	-0.821952	-0.440855	-0.481772	0.554478	0.515845
45	-40.2324	-0.915114	-0.806368	-0.440862	-0.481468	0.554657	0.515931
46	-40.8627	-0.964082	-0.780954	-0.440897	-0.481648	0.554542	0.515857
47	-41.4782	-1.02849	-0.750846	-0.44086	-0.481765	0.554465	0.515862
48	-42.1261	-1.08576	-0.715895	-0.440804	-0.481738	0.554393	0.516012
49	-42.7818	-1.1537	-0.697107	-0.440943	-0.481673	0.554336	0.516015
50	-43.4628	-1.20441	-0.672781	-0.440895	-0.481751	0.554507	0.5158
51	-44.1592	-1.28041	-0.647721	-0.440821	-0.481653	0.554316	0.516161
52	-44.8579	-1.34612	-0.615302	-0.441073	-0.481522	0.554417	0.515958
53	-45.5577	-1.41965	-0.579678	-0.441035	-0.481723	0.554178	0.51606
54	-46.2907	-1.48542	-0.53968	-0.441216	-0.48183	0.553971	0.516027
55	-47.0343	-1.54691	-0.522159	-0.441052	-0.481567	0.554317	0.516041
56	-47.8077	-1.62342	-0.493578	-0.440965	-0.481818	0.553971	0.516253
57	-48.5614	-1.68863	-0.453925	-0.441094	-0.481789	0.554254	0.515865
58	-49.3436	-1.75867	-0.440729	-0.440813	-0.481533	0.554507	0.516073
59	-50.1386	-1.83684	-0.406431	-0.440952	-0.481655	0.554308	0.516057
60	-50.9545	-1.91323	-0.375689	-0.440924	-0.481537	0.554342	0.516155
61	-51.7702	-1.99748	-0.337685	-0.441057	-0.481487	0.554223	0.516199
62	-52.6171	-2.0716	-0.309784	-0.44085	-0.481621	0.554113	0.516383
63	-53.4633	-2.15141	-0.256034	-0.44117	-0.481763	0.553957	0.516144
64	-54.338	-2.24181	-0.232464	-0.441166	-0.481606	0.553882	0.516375
65	-55.2254	-2.30267	-0.195086	-0.440932	-0.481735	0.554194	0.516119
66	-56.099	-2.38362	-0.155196	-0.440897	-0.481922	0.55405	0.516129
67	-57.0143	-2.48273	-0.120755	-0.441024	-0.481755	0.553753	0.516495
68	-57.9474	-2.56251	-0.091708	-0.440994	-0.481503	0.554075	0.516411
69	-58.8775	-2.64298	-0.0715383	-0.440839	-0.481352	0.554376	0.51636
70	-59.8048	-2.72515	-0.0214314	-0.440884	-0.481577	0.554303	0.516192
71	-60.7615	-2.81852	0.0304984	-0.441111	-0.481752	0.553878	0.516289
72	-61.7425	-2.91648	0.0648575	-0.44104	-0.48164	0.553865	0.516469
73	-62.7523	-2.98928	0.0985118	-0.44111	-0.481368	0.554473	0.51601
74	-63.742	-3.08599	0.150497	-0.441061	-0.48168	0.55409	0.516172
75	-64.7589	-3.18272	0.189653	-0.44105	-0.481662	0.554008	0.516287
76	-65.7824	-3.26926	0.231654	-0.441223	-0.481677	0.554273	0.515843
77	-66.839	-3.38196	0.271184	-0.442235	-0.480688	0.552817	0.517484
78	-67.8925	-3.45464	0.287151	-0.443297	-0.479037	0.55176	0.519186
79	-68.9504	-3.54148	0.339777	-0.444495	-0.47819	0.550871	0.519976
80	-70.0455	-3.64113	0.397235	-0.445589	-0.477321	0.549823	0.520874
81	-71.1441	-3.71048	0.435115	-0.445801	-0.477141	0.549125	0.521593
82	-72.2435	-3.78699	0.496166	-0.446464	-0.476946	0.548526	0.521835
83	-73.3713	-3.85555	0.534498	-0.446485	-0.476816	0.548369	0.522101
84	-74.5301	-3.94287	0.57791	-0.447088	-0.476161	0.548136	0.522426
85	-75.6726	-4.02877	0.628078	-0.447198	-0.476105	0.547641	0.522902
86	-76.8395	-4.10291	0.66444	-0.447302	-0.475851	0.548046	0.52262
87	-78.0121	-4.18533	0.716723	-0.44731	-0.475942	0.547758	0.522833
88	-79.2048	-4.27047	0.765631	-0.4472	-0.475991	0.547515	0.523137
89	-80.4118	-4.35084	0.804761	-0.447497	-0.475656	0.547973	0.522708
90	-81.6383	-4.42813	0.851549	-0.447225	-0.475751	0.547879	0.522952
91	-82.8627	-4.50467	0.911237	-0.447092	-0.475942	0.547864	0.522909
92	-84.1081	-4.58466	0.971615	-0.447503	-0.476065	0.547654	0.522664
93	-85.3692	-4.67396	0.99889	-0.44689	-0.47609	0.547729	0.523088
94	-86.6522	-4.76845	1.0362	-0.446945	-0.475587	0.547742	0.523485
95	-87.919	-4.84688	1.1117	-0.447536	-0.475528	0.547965	0.522801
96	-89.225	-4.9279	1.16171	-0.447255	-0.475841	0.547919	0.522797
97	-90.528	-5.02148	1.21103	-0.446853	-0.476011	0.547592	0.523326
98	-91.856	-5.09738	1.2498	-0.447142	-0.47548	0.548237	0.522895
99	-93.1811	-5.19361	1.32444	-0.447408	-0.475794	0.547817	0.522822
100	-94.5256	-5.27189	1.36938	-0.447077	-0.475953	0.548046	0.522712
101	-95.8885	-5.37411	1.44181	-0.447168	-0.476254	0.547478	0.522964
102	-97.2573	-5.47613	1.47105	-0.447156	-0.475667	0.54757	0.523411
103	-98.6386	-5.55723	1.52576	-0.44696	-0.47589	0.547666	0.523275
104	-100.051	-5.64628	1.59057	-0.447175	-0.475806	0.547752	0.523078
105	-101.458	-5.73614	1.65087	-0.447261	-0.475984	0.547696	0.522901
106	-102.877	-5.84882	1.69919	-0.447129	-0.47585	0.547424	0.523421
107	-104.308	-5.9398	1.76229	-0.447252	-0.475853	0.547459	0.523276
108	-105.756	-6.03832	1.81696	-0.447031	-0.475909	0.547253	0.523629
109	-107.204	-6.1294	1.88427	-0.447371	-0.475874	0.547448	0.523167
110	-108.704	-6.2298	1.92841	-0.44697	-0.475789	0.5476	0.523428
111	-110.169	-6.29165	1.98831	-0.44702	-0.475739	0.548204	0.5228
112	-111.673	-6.40006	2.06669	-0.446441	-0.476713	0.548344	0.522263
113	-113.147	-6.65625	2.13184	-0.39186	-0.522747	0.598007	0.464294
114	-114.578	-7.29978	2.16488	-0.301991	-0.580749	0.660156	0.368409
115	-115.463	-8.67182	2.21946	-0.21277	-0.62276	0.702934	0.269776
116	-116.188	-9.91733	2.26013	-0.130363	-0.648144	0.728213	0.180594
117	-116.684	-11.4	2.27524	-0.0717391	-0.659265	0.739302	0.116794
118	-117.011	-12.9211	2.29701	-0.0312255	-0.664244	0.743489	0.0709133
119	-117.146	-14.4809	2.32798	-0.00219305	-0.666687	0.744319	0.0387105
120	-117.166	-16.0833	2.31539	0.0189849	-0.667333	0.744369	0.0148989
121	-117.08	-17.6828	2.31653	0.0286485	-0.667375	0.744149	0.00415452
122	-117.025	-19.3054	2.30816	0.0292553	-0.666978	0.744492	0.00408685
123	-116.941	-20.911	2.32132	0.0289421	-0.667377	0.744136	0.00413439
124	-116.865	-22.5437	2.32614	0.0291257	-0.667431	0.744089	0.00432131
125	-116.787	-24.1804	2.32271	0.0289608	-0.667374	0.744135	0.00460105
126	-116.709	-25.8373	2.32832	0.0291397	-0.667575	0.743958	0.00456687
127	-116.626	-27.5013	2.33114	0.0285493	-0.667608	0.743942	0.00443538
128	-116.561	-29.1656	2.3258	0.0288929	-0.667439	0.744091	0.00440556
129	-116.478	-30.8739	2.31843	0.0290535	-0.667398	0.744109	0.00459719
130	-116.398	-32.5591	2.32712	0.028726	-0.667496	0.744044	0.00473226
131	-116.332	-34.2868	2.30576	0.0287933	-0.667249	0.744254	0.00448668
132	-116.262	-35.9914	2.31294	0.0288688	-0.667339	0.744183	0.0042455
133	-116.166	-37.7149	2.30776	0.0285066	-0.667353	0.744171	0.00456787
134	-116.102	-39.4523	2.30751	0.0287323	-0.667165	0.744343	0.00446276
135	-116.044	-41.1964	2.3269	0.0290834	-0.667536	0.743989	0.00382099
136	-115.96	-42.9546	2.31943	0.0286782	-0.667526	0.744024	0.00379532
137	-115.858	-44.7254	2.30558	0.0284222	-0.667277	0.744243	0.00445549
138	-115.776	-46.5048	2.31467	0.0287188	-0.667491	0.744048	0.00485622
139	-115.708	-48.3253	2.29383	0.028732	-0.666924	0.744548	0.00447819
140	-115.61	-50.1187	2.29868	0.0284706	-0.667069	0.744437	0.00482247
141	-115.522	-51.9241	2.31318	0.0285541	-0.667399	0.744125	0.00501436
142	-115.463	-53.7519	2.29923	0.028886	-0.667159	0.74434	0.0046939
143	-115.376	-55.5779	2.30473	0.0286079	-0.66721	0.744294	0.0047917
144	-115.311	-57.4231	2.29848	0.0287418	-0.666975	0.744512	0.00448464
145	-115.208	-59.2709	2.29366	0.0284471	-0.667064	0.744432	0.00474215
146	-115.128	-61.1395	2.30253	0.0288365	-0.667189	0.74431	0.00540088
147	-115.038	-62.9861	2.3176	0.0282599	-0.6675	0.744045	0.0050809
148	-114.958	-64.8695	2.31041	0.0282313	-0.667422	0.744129	0.00479774
149	-114.858	-66.7632	2.31386	0.0278399	-0.667502	0.744058	0.00529471
150	-114.794	-68.6909	2.31544	0.0282713	-0.667407	0.744138	0.00513466
151	-114.699	-70.6007	2.29927	0.0283052	-0.667213	0.744299	0.00542898
152	-114.608	-72.5444	2.28656	0.0282164	-0.66699	0.744512	0.00547507
153	-114.562	-74.4784	2.30777	0.0286709	-0.667385	0.744134	0.00491351
154	-114.451	-76.4199	2.28663	0.024793	-0.666941	0.744645	0.00884083
155	-114.449	-78.3865	2.28991	-0.00142778	-0.666256	0.744709	0.038645
156	-114.672	-80.3417	2.32259	-0.0394425	-0.663714	0.742641	0.0800704
157	-115.135	-82.2717	2.32753	-0.0979605	-0.65483	0.735273	0.144771
158	-116.012	-84.0283	2.398	-0.189334	-0.631815	0.7111	0.243514
159	-117.443	-85.3952	2.43748	-0.308076	-0.578622	0.656006	0.374063
160	-119.316	-86.1738	2.5244	-0.411894	-0.508151	0.579442	0.486183
161	-121.373	-86.3527	2.61229	-0.451699	-0.472879	0.541106	0.528732
162	-123.438	-86.4533	2.68581	-0.451732	-0.472631	0.541119	0.528912
163	-125.518	-86.5416	2.76864	-0.451873	-0.472781	0.541336	0.528436
164	-127.603	-86.6435	2.83535	-0.45141	-0.472682	0.541129	0.529131
165	-129.698	-86.7484	2.93214	-0.45188	-0.472858	0.540629	0.529084
166	-131.831	-86.8231	3.00505	-0.4512	-0.473152	0.541098	0.528922
167	-133.921	-86.9194	3.09289	-0.451663	-0.473076	0.540999	0.528696
168	-136.047	-87.0135	3.18161	-0.451874	-0.473175	0.541098	0.528326
169	-138.188	-87.1174	3.25062	-0.451506	-0.473198	0.540924	0.528798
170	-140.342	-87.2191	3.31208	-0.451595	-0.472802	0.541134	0.528861
171	-142.488	-87.3078	3.39175	-0.451581	-0.472737	0.541343	0.528717
172	-144.655	-87.4082	3.49433	-0.451971	-0.472942	0.541162	0.528387
173	-146.828	-87.5061	3.56474	-0.451472	-0.473021	0.541206	0.528738
174	-149.015	-87.6227	3.63284	-0.451483	-0.472743	0.541127	0.529016
175	-151.204	-87.7095	3.72155	-0.451588	-0.472991	0.541219	0.528611
176	-153.392	-87.846	3.8043	-0.451913	-0.472519	0.540983	0.528998
177	-155.597	-87.9114	3.90292	-0.451788	-0.473146	0.541238	0.528283
178	-157.795	-88.0101	3.98491	-0.451357	-0.473484	0.540784	0.528813
179	-159.988	-88.0951	4.08102	-0.459814	-0.465879	0.532538	0.536592
180	-162.198	-87.8962	4.14944	-0.508486	-0.412104	0.474933	0.588297
181	-164.261	-87.0815	4.24162	-0.583353	-0.30199	0.353483	0.665996
182	-165.68	-85.4259	4.317	-0.648614	-0.135652	0.167244	0.730019
183	-166.19	-83.3131	4.35333	-0.667107	-0.011321	0.0298791	0.744276
184	-166.291	-81.1171	4.34988	-0.667622	-0.00371026	0.0211702	0.74419
185	-166.388	-78.9573	4.34547	-0.667274	-0.00373702	0.0214686	0.744494
186	-166.504	-76.7684	4.35575	-0.667556	-0.00394782	0.0209786	0.744254
187	-166.615	-74.5879	4.36918	-0.667642	-0.0038565	0.0209357	0.744178
188	-166.736	-72.3983	4.36099	-0.667478	-0.00393985	0.0205004	0.744337
189	-166.846	-70.1683	4.36421	-0.667614	-0.00345685	0.0206025	0.744215
190	-166.939	-67.9606	4.37499	-0.667583	-0.00377322	0.0208783	0.744233
191	-167.039	-65.7409	4.37597	-0.667517	-0.00390299	0.0209958	0.744288
192	-167.157	-63.4905	4.36056	-0.66725	-0.0041248	0.0204207	0.744542
193	-167.269	-61.293	4.39416	-0.667699	-0.00388434	0.0207001	0.744134
194	-167.357	-59.0279	4.38117	-0.667509	-0.00412823	0.0210592	0.744292
195	-167.492	-56.7876	4.38843	-0.667566	-0.00393237	0.0205304	0.744257
196	-167.583	-54.5581	4.4098	-0.667942	-0.00411041	0.0209431	0.743908
197	-167.692	-52.2871	4.39848	-0.667721	-0.00402068	0.0208647	0.744108
198	-167.789	-50.027	4.41408	-0.667971	-0.0045174	0.0211148	0.743874
199	-167.918	-47.7806	4.41306	-0.66803	-0.00414536	0.0207514	0.743834
200	-168.04	-45.504	4.42907	-0.668306	-0.00424015	0.0204577	0.743593
201	-168.139	-43.21	4.41961	-0.668157	-0.00407948	0.0208196	0.743718
202	-168.261	-40.9226	4.41953	-0.668039	-0.00426707	0.0205049	0.743831
203	-168.378	-38.6175	4.42642	-0.668343	-0.00400094	0.0203359	0.743565
204	-168.478	-36.3148	4.41717	-0.668321	-0.00426477	0.0205926	0.743576
205	-168.597	-34.0159	4.43522	-0.668472	-0.0045592	0.0201459	0.74345
206	-168.705	-31.6931	4.43071	-0.668356	-0.00426844	0.0206203	0.743544
207	-168.813	-29.3615	4.44093	-0.668591	-0.0047444	0.0202468	0.743339
208	-168.909	-27.032	4.42635	-0.668443	-0.00475891	0.0207498	0.743459
209	-169.009	-24.6951	4.41265	-0.668249	-0.00481386	0.0213511	0.743615
210	-169.133	-22.3565	4.41882	-0.66841	-0.0044606	0.0216576	0.743465
211	-169.249	-19.9857	4.40683	-0.66821	-0.00452796	0.0216608	0.743644
212	-169.35	-17.6559	4.42178	-0.668552	-0.00498599	0.021724	0.743332
213	-169.473	-15.3136	4.41697	-0.668606	-0.0046543	0.0219115	0.743279
214	-169.607	-12.945	4.42672	-0.668849	-0.005177	0.0209689	0.743085
215	-169.715	-10.543	4.42352	-0.668865	-0.00506701	0.0215908	0.743053
216	-169.838	-8.16407	4.43052	-0.669104	-0.00503208	0.0216649	0.742836
217	-169.96	-5.7754	4.42826	-0.669066	-0.00508255	0.0215306	0.742874
218	-170.07	-3.36195	4.42388	-0.669096	-0.00500867	0.022117	0.74283
219	-170.202	-0.975287	4.41664	-0.668914	-0.00560987	0.0212088	0.743016
220	-170.342	1.44424	4.41339	-0.66919	-0.00545167	0.0210115	0.742774
221	-170.44	3.86042	4.39333	-0.66878	-0.00551972	0.0219723	0.743115
222	-170.565	6.3002	4.38739	-0.668763	-0.00570975	0.0217518	0.743135
223	-170.707	8.72652	4.38283	-0.668764	-0.00515443	0.0216354	0.743142
224	-170.826	11.1722	4.37694	-0.668813	-0.00521302	0.0219891	0.743087
225	-170.933	13.6036	4.3794	-0.669023	-0.00550765	0.0221991	0.74289
226	-171.089	16.0229	4.36979	-0.668814	-0.00506964	0.0217462	0.743094
227	-171.221	18.4647	4.36812	-0.669065	-0.00532466	0.0211953	0.742883
228	-171.335	20.9096	4.34476	-0.668774	-0.00532762	0.0216097	0.743132
229	-171.464	23.3538	4.34342	-0.668726	-0.0048119	0.0220791	0.743165
230	-171.594	25.8022	4.33843	-0.668671	-0.00567265	0.0210129	0.74324
231	-171.735	28.2607	4.32953	-0.668747	-0.00523852	0.0211082	0.743172
232	-171.876	30.7249	4.33539	-0.669007	-0.00472044	0.0209622	0.742946
233	-172	33.1763	4.32033	-0.668605	-0.00556404	0.0205755	0.743312
234	-172.122	35.5991	4.31731	-0.668471	-0.00547815	0.0206327	0.743431
235	-172.229	38.0806	4.32441	-0.668728	-0.00573768	0.0208878	0.743191
236	-172.354	40.5421	4.31367	-0.668758	-0.00532707	0.0210363	0.743163
237	-172.487	42.9933	4.30459	-0.668786	-0.00549849	0.0208879	0.743141
238	-172.616	45.4929	4.29689	-0.668561	-0.00536806	0.0209298	0.743344
239	-172.714	47.9272	4.30776	-0.668893	-0.00557626	0.0215229	0.743026
240	-172.821	50.4094	4.28337	-0.668465	-0.00585937	0.0215477	0.743409
241	-172.972	52.8721	4.28751	-0.668709	-0.00583334	0.0210941	0.743202
242	-173.098	55.3437	4.28388	-0.668733	-0.00568202	0.0210912	0.743181
243	-173.237	57.7695	4.27334	-0.668721	-0.00574738	0.020816	0.7432
244	-173.375	60.2212	4.27945	-0.668857	-0.00576821	0.0202459	0.743093
245	-173.486	62.6709	4.26916	-0.668728	-0.00569596	0.0208543	0.743193
246	-173.597	65.1414	4.26189	-0.668787	-0.00576869	0.0214059	0.743124
247	-173.727	67.5775	4.24801	-0.668489	-0.00545699	0.0214541	0.743392
248	-173.857	70.0297	4.26159	-0.668833	-0.00562533	0.0211444	0.743091
249	-173.975	72.4888	4.25764	-0.669043	-0.00141172	0.0160895	0.743049
250	-173.693	74.9097	4.24082	-0.661882	0.120061	-0.120433	0.730064
251	-172.066	76.4109	4.29137	-0.608539	0.304814	-0.320017	0.659058
252	-169.799	77.3629	4.17521	-0.528502	0.431787	-0.464112	0.56467
253	-167.373	77.667	4.08774	-0.505954	0.458759	-0.49528	0.536888
254	-164.953	77.8939	3.97066	-0.505562	0.458532	-0.494963	0.537744
255	-162.518	78.1499	3.87979	-0.505611	0.458654	-0.495184	0.537389
256	-160.115	78.3912	3.77879	-0.505466	0.458618	-0.495227	0.537517
257	-157.705	78.6297	3.67471	-0.505586	0.45838	-0.495182	0.537649
258	-155.293	78.8766	3.58008	-0.505479	0.458307	-0.495189	0.537805
259	-152.871	79.1354	3.48723	-0.50547	0.458545	-0.495248	0.537556
260	-150.477	79.363	3.38897	-0.505279	0.458612	-0.494696	0.538185
261	-148.029	79.6136	3.28101	-0.505335	0.458239	-0.495179	0.538006
262	-145.655	79.8356	3.19578	-0.505651	0.458131	-0.494837	0.538116
263	-143.259	80.1022	3.10521	-0.505353	0.45866	-0.494925	0.537865
264	-140.828	80.3519	3.00317	-0.505143	0.458665	-0.494851	0.538126
265	-138.424	80.6022	2.89429	-0.505198	0.458415	-0.495147	0.538015
266	-136.035	80.8281	2.81804	-0.505322	0.458527	-0.494637	0.538266
267	-133.619	81.0712	2.71596	-0.505464	0.458196	-0.49481	0.538262
268	-131.235	81.3233	2.62955	-0.505176	0.458626	-0.49455	0.538405
269	-128.835	81.5658	2.5185	-0.50497	0.458197	-0.494762	0.538768
270	-126.455	81.8159	2.44779	-0.505326	0.458702	-0.494423	0.538317
271	-124.061	82.0787	2.34071	-0.505246	0.458294	-0.495151	0.538069
272	-121.679	82.3219	2.254	-0.504673	0.459081	-0.494462	0.53857
273	-119.314	82.5465	2.15296	-0.505214	0.458194	-0.494637	0.538657
274	-116.934	82.7989	2.05985	-0.505057	0.458491	-0.494609	0.538577
275	-114.545	83.0231	1.96526	-0.50514	0.458171	-0.494393	0.538969
276	-112.179	83.2819	1.89586	-0.505507	0.45852	-0.494471	0.538258
277	-109.785	83.5173	1.79994	-0.505202	0.458719	-0.494085	0.538728
278	-107.428	83.7733	1.73497	-0.505868	0.458908	-0.493911	0.538102
279	-105.065	83.9966	1.6262	-0.505833	0.458646	-0.493759	0.538496
280	-102.681	84.2464	1.51816	-0.505349	0.458707	-0.493845	0.53882
281	-100.329	84.5015	1.43275	-0.505252	0.459103	-0.49348	0.538909
282	-97.9697	84.7675	1.34526	-0.505287	0.459073	-0.493932	0.538475
283	-95.615	85.0066	1.23723	-0.505146	0.459032	-0.493798	0.538795
284	-93.2736	85.2331	1.14097	-0.505434	0.458657	-0.493884	0.538748
285	-90.9313	85.4884	1.0586	-0.505504	0.458924	-0.493919	0.538422
286	-88.5969	85.7042	0.953856	-0.505116	0.458824	-0.493337	0.539404
287	-86.2574	85.9574	0.861577	-0.505237	0.458834	-0.493709	0.538942
288	-83.9351	86.2095	0.78984	-0.505422	0.459227	-0.493448	0.538672
289	-81.5847	86.464	0.688612	-0.505252	0.45913	-0.493824	0.538569
290	-79.2463	86.7105	0.580147	-0.505403	0.45885	-0.49404	0.538469
291	-76.9353	86.9543	0.499154	-0.50538	0.459028	-0.493973	0.538401
292	-74.6002	87.187	0.387118	-0.505299	0.458786	-0.494112	0.538555
293	-72.2704	87.4196	0.318397	-0.505673	0.459098	-0.49351	0.538491
294	-69.9782	87.6616	0.218124	-0.505455	0.4589	-0.493711	0.538678
295	-67.6651	87.8989	0.124692	-0.505497	0.458932	-0.49362	0.538696
296	-65.3603	88.1266	0.0298355	-0.505705	0.458845	-0.493606	0.538588
297	-63.053	88.3774	-0.0635658	-0.505744	0.45885	-0.493753	0.538412
298	-60.7755	88.5942	-0.140118	-0.506326	0.458714	-0.493397	0.538316
299	-58.4788	88.8466	-0.246176	-0.505725	0.45906	-0.493413	0.538557
300	-56.1929	89.0823	-0.335419	-0.505843	0.459158	-0.493275	0.538495
301	-53.9183	89.311	-0.428872	-0.505803	0.459126	-0.49307	0.538746
302	-51.6465	89.5588	-0.517537	-0.506032	0.458964	-0.493563	0.538219
303	-49.3618	89.7695	-0.629166	-0.505591	0.459088	-0.492781	0.539243
304	-47.099	90.0238	-0.717057	-0.505714	0.459228	-0.492908	0.538892
305	-44.8164	90.2639	-0.795841	-0.505976	0.458989	-0.493235	0.53855
306	-42.5448	90.4873	-0.88948	-0.505983	0.459001	-0.492781	0.538949
307	-40.2978	90.7293	-0.988381	-0.505973	0.459105	-0.492757	0.538892
308	-38.0163	90.977	-1.09098	-0.506181	0.458604	-0.49322	0.538699
309	-35.7913	91.2007	-1.17708	-0.505966	0.458897	-0.492822	0.539016
310	-33.5367	91.4665	-1.26466	-0.505939	0.459124	-0.493228	0.538476
311	-31.2916	91.692	-1.35076	-0.505908	0.459329	-0.492814	0.53871
312	-29.0616	91.9173	-1.44923	-0.506073	0.458899	-0.492951	0.538796
313	-26.8477	92.1742	-1.52761	-0.505822	0.459536	-0.493009	0.538435
314	-24.64	92.4119	-1.63342	-0.505818	0.459291	-0.493393	0.538297
315	-22.4375	92.6374	-1.72613	-0.505837	0.459125	-0.493239	0.538568
316	-20.2444	92.8772	-1.80381	-0.505948	0.459485	-0.493231	0.538089
317	-18.0506	93.0995	-1.91505	-0.505985	0.459082	-0.493295	0.538408
318	-15.8521	93.3266	-1.99001	-0.506003	0.459375	-0.493003	0.538408
319	-13.6832	93.5733	-2.08482	-0.50609	0.459336	-0.493345	0.538047
320	-11.5089	93.7685	-2.18588	-0.48688	0.479616	-0.516505	0.515887
321	-9.40097	93.4035	-2.27484	0.380929	-0.565604	0.617372	-0.392221
322	-7.61282	92.1321	-2.40653	0.258914	-0.625526	0.690642	-0.25435
323	-6.3324	90.2969	-2.44791	0.172907	-0.65118	0.722001	-0.157423
324	-5.50427	88.2378	-2.48661	0.119567	-0.660576	0.734557	-0.0988447
325	-4.91646	86.1163	-2.50834	0.0857702	-0.664367	0.740059	-0.0597732
326	-4.50555	83.9304	-2.52998	0.0617608	-0.665744	0.742909	-0.0325212
327	-4.24603	81.7398	-2.53486	0.0548943	-0.666115	0.743419	-0.0246078
328	-3.95511	79.5492	-2.5299	0.0544141	-0.666386	0.74323	-0.0240488
329	-3.72018	77.3977	-2.52108	0.0547196	-0.666652	0.742943	-0.0248219
330	-3.43075	75.2528	-2.52775	0.0541746	-0.666565	0.743072	-0.0244989
331	-3.17283	73.0909	-2.54328	0.0546885	-0.666232	0.743339	-0.0243229
332	-2.89872	70.9557	-2.56125	0.054657	-0.665931	0.743631	-0.0236907
333	-2.64837	68.8196	-2.54987	0.054548	-0.666218	0.743378	-0.0238179
334	-2.36324	66.6798	-2.56364	0.054113	-0.666035	0.74358	-0.023623
335	-2.11884	64.5648	-2.54975	0.0548459	-0.666282	0.743314	-0.0233328
336	-1.8687	62.4308	-2.56432	0.0548496	-0.666038	0.743523	-0.0236298
337	-1.61191	60.3087	-2.574	0.0546879	-0.665798	0.743738	-0.0240002
338	-1.35253	58.2107	-2.56746	0.0545847	-0.665995	0.743577	-0.0237828
339	-1.08868	56.1071	-2.55454	0.0543091	-0.666362	0.743271	-0.0237032
340	-0.841436	54.0317	-2.56959	0.0543861	-0.666155	0.743456	-0.0235436
341	-0.587445	51.9435	-2.59231	0.0544296	-0.665754	0.74381	-0.0236192
342	-0.355245	49.9023	-2.5892	0.054352	-0.665939	0.743638	-0.0240486
343	-0.0683988	47.8315	-2.58972	0.0541468	-0.665909	0.743709	-0.0232325
344	0.17813	45.8049	-2.59028	0.0539057	-0.665998	0.743649	-0.0234407
345	0.433228	43.7703	-2.59044	0.0539523	-0.665976	0.743657	-0.0232367
346	0.653564	41.7625	-2.61038	0.0541704	-0.665606	0.743972	-0.0237039
347	0.900877	39.752	-2.58272	0.0538622	-0.666178	0.743462	-0.0238748
348	1.14101	37.7334	-2.60096	0.0540053	-0.665883	0.74374	-0.0236266
349	1.39934	35.7487	-2.61098	0.0539455	-0.665552	0.744043	-0.0230199
350	1.62176	33.7665	-2.61223	0.0541697	-0.665576	0.744006	-0.0235213
351	1.88543	31.7983	-2.58692	0.0537685	-0.666129	0.743544	-0.0228947
352	2.10739	29.8684	-2.58308	0.0540748	-0.666248	0.74343	-0.0229028
353	2.32349	27.9147	-2.59367	0.0540005	-0.666068	0.743566	-0.0233812
354	2.56209	25.972	-2.60772	0.0544039	-0.665911	0.743712	-0.0227864
355	2.79024	24.0886	-2.59079	0.0544123	-0.666151	0.74347	-0.0231053
356	3.02993	22.14	-2.61086	0.0538779	-0.665781	0.743856	-0.0231173
357	3.27561	20.2378	-2.61731	0.0533945	-0.665858	0.74381	-0.0229949
358	3.50671	18.3515	-2.61592	0.0532534	-0.66573	0.74395	-0.0230006
359	3.74777	16.4677	-2.60099	0.0529948	-0.666019	0.743709	-0.022514
360	3.97388	14.5884	-2.63536	0.0530807	-0.665493	0.744206	-0.0219826
361	4.19417	12.723	-2.63488	0.0530802	-0.665444	0.744237	-0.0218586
362	4.41246	10.8703	-2.62588	0.0529348	-0.665483	0.744222	-0.0220768
363	4.64822	9.0454	-2.63648	0.0518632	-0.665293	0.744458	-0.0218523
364	4.67881	7.22029	-2.61978	-0.0252606	-0.663708	0.744848	0.0638619
365	4.15396	5.54054	-2.60661	-0.155429	-0.639846	0.723533	0.207215
366	3.02623	4.08695	-2.55414	-0.282514	-0.590539	0.672468	0.345343
367	1.47325	3.1977	-2.46394	-0.361904	-0.54432	0.621941	0.431196
368	-0.23134	2.65631	-2.41407	-0.407862	-0.509699	0.585462	0.480751
369	-1.95471	2.38318	-2.32212	-0.436189	-0.486036	0.559661	0.510184
370	-3.68185	2.22791	-2.27138	-0.444986	-0.477653	0.550861	0.519989
371	-5.41637	2.10081	-2.1897	-0.445118	-0.477858	0.550806	0.519745
372	-7.1349	1.96585	-2.13279	-0.445079	-0.477641	0.550796	0.519988
373	-8.8181	1.83025	-2.05794	-0.444991	-0.47793	0.550334	0.520287
374	-10.5026	1.7052	-1.99109	-0.445141	-0.477736	0.550499	0.520162
375	-12.2089	1.55358	-1.91439	-0.44527	-0.477654	0.549886	0.520774
376	-13.871	1.44045	-1.84592	-0.445336	-0.477824	0.549948	0.520497
377	-15.518	1.31465	-1.78276	-0.445244	-0.477731	0.550016	0.52059
378	-17.1584	1.17974	-1.69617	-0.44569	-0.477881	0.549392	0.520728
379	-18.7844	1.05841	-1.63273	-0.445548	-0.477954	0.549344	0.520834
380	-20.4012	0.939247	-1.60352	-0.445364	-0.477336	0.549742	0.521137
381	-22.0061	0.788907	-1.53493	-0.445869	-0.477038	0.549341	0.521409
382	-23.5923	0.690266	-1.47013	-0.445903	-0.476857	0.549822	0.521031
383	-25.1548	0.57504	-1.40252	-0.445778	-0.477115	0.549634	0.521101
384	-26.7268	0.454786	-1.35325	-0.445447	-0.47712	0.549543	0.521475
385	-28.2863	0.342917	-1.27038	-0.445932	-0.47705	0.549556	0.52111
386	-29.8212	0.232676	-1.22446	-0.445676	-0.477127	0.54956	0.521255
387	-31.3448	0.122298	-1.15589	-0.445731	-0.477129	0.549418	0.521355
388	-32.8489	0.00658126	-1.07266	-0.446248	-0.477288	0.549162	0.521037
389	-34.3643	-0.111702	-1.02402	-0.446204	-0.476965	0.54939	0.521129
390	-35.8498	-0.209366	-0.969256	-0.446144	-0.476955	0.549433	0.521146
391	-37.3217	-0.319585	-0.920845	-0.445933	-0.476811	0.549539	0.521346
392	-38.7688	-0.421027	-0.845311	-0.446078	-0.477266	0.549244	0.521116
393	-40.2342	-0.527537	-0.793286	-0.446193	-0.477018	0.549297	0.52119
394	-41.6701	-0.632078	-0.732106	-0.446101	-0.477207	0.549201	0.521197
395	-43.1005	-0.737729	-0.677956	-0.446174	-0.476876	0.549364	0.52127
396	-44.5189	-0.844358	-0.627216	-0.446092	-0.476997	0.549175	0.521404
397	-45.9105	-0.940963	-0.58633	-0.445918	-0.476764	0.549327	0.521665
398	-47.3076	-1.04932	-0.520348	-0.445964	-0.476963	0.549009	0.521738
399	-48.6666	-1.15156	-0.45148	-0.44627	-0.476972	0.549054	0.521442
400	-50.0358	-1.24308	-0.409161	-0.446226	-0.476719	0.549216	0.52152
401	-51.397	-1.3525	-0.351362	-0.446305	-0.476829	0.548926	0.521657
402	-52.7148	-1.44413	-0.297605	-0.446245	-0.476763	0.549163	0.521519
403	-54.027	-1.52739	-0.245134	-0.446222	-0.476921	0.549083	0.521479
404	-55.3412	-1.62397	-0.186516	-0.446169	-0.477073	0.548959	0.521516
405	-56.6589	-1.71138	-0.138725	-0.446249	-0.476996	0.549094	0.521374
406	-57.941	-1.82262	-0.0927006	-0.446235	-0.476793	0.548826	0.521855
407	-59.1902	-1.90017	-0.0254139	-0.446153	-0.477325	0.548687	0.521585
408	-60.461	-1.99129	0.00696336	-0.446221	-0.476742	0.548985	0.521748
409	-61.6971	-2.08498	0.0597892	-0.446344	-0.476838	0.548881	0.521663
410	-62.9288	-2.16769	0.109358	-0.446306	-0.476849	0.549066	0.521492
411	-64.1571	-2.24313	0.164454	-0.44619	-0.477076	0.548946	0.521514
412	-65.3664	-2.34719	0.202794	-0.446171	-0.47675	0.548899	0.521943
413	-66.5585	-2.41127	0.243756	-0.44608	-0.476624	0.549444	0.521491
414	-67.7319	-2.52272	0.290945	-0.446054	-0.476767	0.54913	0.521714
415	-68.9049	-2.59764	0.337149	-0.445734	-0.477087	0.549721	0.521072
416	-70.0388	-2.6656	0.398047	-0.445509	-0.47773	0.549995	0.520386
417	-71.1682	-2.75525	0.440006	-0.445212	-0.477882	0.550204	0.520279
418	-72.3099	-2.86022	0.488209	-0.445022	-0.478091	0.549918	0.520551
419	-73.4236	-2.94195	0.527124	-0.444894	-0.478145	0.550437	0.520063
420	-74.4988	-2.99985	0.557912	-0.444249	-0.478538	0.550785	0.519884
421	-75.6085	-3.11698	0.60121	-0.444164	-0.478476	0.550413	0.520408
422	-76.6708	-3.18412	0.658943	-0.44423	-0.478835	0.550707	0.51971
423	-77.724	-3.28389	0.701897	-0.444301	-0.478708	0.550684	0.519792
424	-78.7761	-3.35898	0.741696	-0.444193	-0.478786	0.550884	0.519598
425	-79.7959	-3.43395	0.787223	-0.443998	-0.479172	0.55087	0.519424
426	-80.823	-3.51442	0.818131	-0.443859	-0.478834	0.55143	0.519266
427	-81.8274	-3.59407	0.865393	-0.443721	-0.479142	0.551422	0.519056
428	-82.8086	-3.68477	0.909058	-0.443742	-0.479321	0.551151	0.519209
429	-83.7872	-3.77148	0.934362	-0.443726	-0.479012	0.55122	0.519434
430	-84.7473	-3.8282	0.983751	-0.443626	-0.479358	0.551688	0.518702
431	-85.7027	-3.91271	1.0082	-0.443596	-0.479034	0.551901	0.518801
432	-86.6478	-3.99691	1.04324	-0.443472	-0.479017	0.551731	0.519103
433	-87.5677	-4.06441	1.09142	-0.443404	-0.479524	0.551596	0.518837
434	-88.4676	-4.13066	1.11854	-0.443195	-0.479415	0.55198	0.518708
435	-89.3613	-4.21005	1.17784	-0.443592	-0.479722	0.551601	0.518487
436	-90.3385	-4.33962	1.19846	-0.443308	-0.479275	0.551348	0.519412
437	-91.2688	-4.43699	1.21736	-0.443267	-0.478953	0.551326	0.519766
438	-92.1871	-4.4945	1.25429	-0.443128	-0.479117	0.551763	0.519271
439	-93.0844	-4.57733	1.30279	-0.442887	-0.4793	0.551587	0.519494
440	-93.9565	-4.65833	1.3182	-0.442789	-0.479025	0.552057	0.519332
441	-94.7542	-4.71286	1.33013	-0.442631	-0.478948	0.552098	0.519492
442	-95.5512	-4.74101	1.33882	-0.442295	-0.479052	0.552676	0.519024
443	-96.3137	-4.80205	1.36121	-0.442268	-0.478948	0.552839	0.519016
444	-97.0419	-4.8813	1.39652	-0.44226	-0.478991	0.55238	0.519471
445	-97.7901	-4.92632	1.47841	-0.442743	-0.479382	0.552532	0.518537
446	-98.5295	-4.97097	1.53481	-0.442851	-0.479915	0.552434	0.518056
447	-99.346	-5.01553	1.51457	-0.442116	-0.479496	0.553399	0.51804
448	-100.056	-5.10719	1.53358	-0.442527	-0.479173	0.553201	0.518201
449	-100.885	-5.21363	1.54198	-0.44228	-0.479048	0.552959	0.518784
450	-101.545	-5.23258	1.55007	-0.441749	-0.479059	0.553513	0.518636
451	-102.109	-5.2721	1.59575	-0.442083	-0.479109	0.553566	0.518249
452	-102.748	-5.36451	1.63647	-0.442407	-0.47907	0.552775	0.518853
453	-103.4	-5.42528	1.67605	-0.442363	-0.479161	0.552931	0.518639
454	-103.988	-5.44652	1.73313	-0.442827	-0.479505	0.553095	0.51775
455	-104.594	-5.4782	1.77771	-0.442466	-0.480084	0.552838	0.517796
456	-105.282	-5.52695	1.80679	-0.442703	-0.479821	0.553279	0.517366
457	-105.917	-5.57864	1.86013	-0.44277	-0.480118	0.553266	0.517048
458	-106.44	-5.62781	1.908	-0.442776	-0.480317	0.552899	0.51725
459	-107.023	-5.71199	1.94936	-0.442893	-0.480591	0.552175	0.517716
460	-107.582	-5.70368	1.96555	-0.442668	-0.480648	0.553148	0.516768
461	-108.123	-5.68351	1.9788	-0.442339	-0.480831	0.553897	0.516079
462	-108.656	-5.72563	1.96123	-0.44207	-0.480424	0.554468	0.516074
463	-109.156	-5.79006	1.97046	-0.442182	-0.480303	0.554135	0.516448
464	-109.644	-5.84482	1.98769	-0.442392	-0.480129	0.554184	0.516377
465	-110.11	-5.88629	2.00516	-0.442316	-0.480196	0.554107	0.516463
466	-110.592	-5.86133	2.01096	-0.441703	-0.480374	0.555181	0.515668
467	-111.05	-5.92088	2.09195	-0.442297	-0.480762	0.554387	0.51565
468	-111.532	-5.95245	2.0996	-0.442345	-0.480516	0.554856	0.515336
469	-111.993	-6.03648	2.08108	-0.442215	-0.479837	0.554678	0.51627
470	-112.5	-6.09002	2.0896	-0.44188	-0.479933	0.55464	0.516507
471	-112.892	-6.13576	2.10309	-0.441631	-0.480119	0.554271	0.516944
472	-113.253	-6.13808	2.1305	-0.442157	-0.480029	0.555071	0.515718
473	-113.612	-6.18915	2.12441	-0.44215	-0.479556	0.554949	0.516298
474	-113.949	-6.22377	2.13729	-0.441943	-0.47968	0.554791	0.516527
475	-114.291	-6.24474	2.14908	-0.441642	-0.479853	0.554894	0.516513
476	-114.59	-6.28402	2.1769	-0.442145	-0.479717	0.5547	0.516417
477	-114.89	-6.31424	2.19956	-0.442013	-0.480098	0.554492	0.516405
478	-115.213	-6.32172	2.19415	-0.441765	-0.479966	0.555023	0.516176
479	-115.447	-6.34632	2.21862	-0.441929	-0.480201	0.554751	0.516127
480	-115.723	-6.38929	2.21302	-0.441769	-0.479759	0.554684	0.516782
481	-115.984	-6.4002	2.22656	-0.441615	-0.480024	0.554812	0.516466
482	-116.211	-6.42001	2.23253	-0.441808	-0.479695	0.554917	0.516494
483	-116.444	-6.44237	2.255	-0.441609	-0.480132	0.554675	0.516518
484	-116.665	-6.4677	2.25899	-0.441717	-0.479992	0.554734	0.516493
485	-116.85	-6.49112	2.26558	-0.441852	-0.47984	0.554616	0.516644
486	-117.055	-6.48963	2.27174	-0.441238	-0.480285	0.554676	0.516692
487	-117.216	-6.52284	2.27327	-0.442092	-0.479322	0.555006	0.5165
488	-117.37	-6.51797	2.29165	-0.441782	-0.480045	0.554881	0.516229
489	-117.524	-6.54807	2.29068	-0.441509	-0.480094	0.554462	0.516866
490	-117.652	-6.56465	2.29753	-0.441816	-0.480048	0.554601	0.516498
491	-117.775	-6.55642	2.31503	-0.441488	-0.480327	0.554677	0.516438
492	-117.899	-6.55924	2.31049	-0.441566	-0.48014	0.554802	0.516411
493	-117.969	-6.58386	2.31812	-0.441924	-0.479843	0.554822	0.516358
494	-118.067	-6.60174	2.31641	-0.441634	-0.479991	0.554595	0.516712
495	-118.149	-6.59847	2.32237	-0.441757	-0.479982	0.554753	0.516446
496	-118.203	-6.59409	2.31936	-0.441678	-0.480097	0.555042	0.516097
497	-118.245	-6.60916	2.31292	-0.441385	-0.479945	0.554835	0.51671
498	-118.28	-6.6095	2.31511	-0.441231	-0.480101	0.55466	0.516886
499	-118.297	-6.59938	2.32765	-0.441565	-0.480074	0.554971	0.516292
500	-118.293	-6.6223	2.32226	-0.441971	-0.479719	0.554734	0.516528
