1	-36.5378	42.9504	-2.39915	-0.326846	-0.555783	0.647946	0.405515
2	-36.5655	42.9332	-2.38483	-0.326893	-0.556002	0.647661	0.405633
3	-36.5985	42.9051	-2.41349	-0.326605	-0.555502	0.647961	0.406071
4	-36.6297	42.8839	-2.39949	-0.326648	-0.555892	0.647688	0.405937
5	-36.7033	42.8367	-2.38059	-0.32672	-0.556095	0.647258	0.406288
6	-36.7972	42.8088	-2.3992	-0.326549	-0.555776	0.647969	0.405729
7	-36.9008	42.7433	-2.3764	-0.326988	-0.555836	0.647661	0.405787
8	-37.0051	42.7002	-2.35978	-0.326944	-0.555895	0.647868	0.405413
9	-37.1133	42.6154	-2.35176	-0.326968	-0.55582	0.647584	0.405957
10	-37.2619	42.567	-2.35304	-0.326773	-0.55587	0.647823	0.405686
11	-37.4004	42.4739	-2.33727	-0.32689	-0.555772	0.64768	0.40592
12	-37.5627	42.3684	-2.31679	-0.327014	-0.555924	0.647307	0.406207
13	-37.7497	42.2964	-2.30899	-0.326809	-0.555878	0.647734	0.405753
14	-37.9534	42.1793	-2.32387	-0.326778	-0.55553	0.647829	0.406104
15	-38.1502	42.0799	-2.28591	-0.326965	-0.555809	0.647697	0.405781
16	-38.3706	41.9552	-2.26261	-0.326945	-0.556024	0.647471	0.405864
17	-38.612	41.835	-2.24334	-0.326818	-0.55613	0.647456	0.405844
18	-38.8613	41.6981	-2.23748	-0.326839	-0.555849	0.647608	0.405971
19	-39.1195	41.5544	-2.20425	-0.327056	-0.556014	0.647442	0.405835
20	-39.413	41.3936	-2.19681	-0.326916	-0.555886	0.647478	0.406066
21	-39.6929	41.2418	-2.18563	-0.327033	-0.555711	0.647639	0.405954
22	-40.0217	41.0508	-2.15558	-0.327132	-0.55565	0.647449	0.406261
23	-40.3383	40.911	-2.1206	-0.327089	-0.556015	0.647537	0.405655
24	-40.6828	40.7359	-2.10919	-0.326965	-0.555887	0.647698	0.405673
25	-41.019	40.5492	-2.05649	-0.327015	-0.556305	0.647347	0.405615
26	-41.4072	40.3161	-2.04876	-0.326997	-0.556063	0.647132	0.406271
27	-41.7987	40.1372	-2.04305	-0.326781	-0.555706	0.647717	0.406039
28	-42.1761	39.915	-1.99491	-0.327144	-0.555901	0.647425	0.405945
29	-42.5986	39.7077	-1.97149	-0.327108	-0.555783	0.647579	0.405891
30	-43.0229	39.4513	-1.94358	-0.326951	-0.55581	0.64725	0.406504
31	-43.4718	39.2371	-1.89721	-0.327321	-0.555871	0.647468	0.405776
32	-43.8931	39.0013	-1.86871	-0.327007	-0.556113	0.647162	0.406184
33	-44.3952	38.7167	-1.8226	-0.327453	-0.556047	0.647001	0.406173
34	-44.8675	38.4741	-1.81462	-0.326993	-0.555866	0.64725	0.406394
35	-45.3609	38.2132	-1.7779	-0.327241	-0.555679	0.647516	0.406026
36	-45.8746	37.9319	-1.73033	-0.327176	-0.556074	0.647077	0.406237
37	-46.4121	37.6391	-1.69688	-0.327272	-0.556	0.64705	0.406304
38	-46.9462	37.3529	-1.65716	-0.327297	-0.556017	0.646914	0.406478
39	-47.5061	37.0599	-1.6286	-0.327329	-0.555885	0.647108	0.406324
40	-48.1017	36.7506	-1.59819	-0.327363	-0.555649	0.647337	0.406255
41	-48.6932	36.4451	-1.55568	-0.326996	-0.555886	0.647192	0.40647
42	-49.283	36.1225	-1.48974	-0.327058	-0.556412	0.646786	0.406333
43	-49.9115	35.79	-1.46584	-0.327304	-0.55577	0.64726	0.406258
44	-50.5182	35.4655	-1.42604	-0.327403	-0.555548	0.647477	0.406136
45	-51.1707	35.1278	-1.37576	-0.327251	-0.555848	0.647284	0.406158
46	-51.841	34.757	-1.34162	-0.327387	-0.55547	0.647422	0.406344
47	-52.5083	34.406	-1.27558	-0.327368	-0.555988	0.646954	0.406396
48	-53.1917	34.0442	-1.22671	-0.327442	-0.55579	0.647165	0.406271
49	-53.8986	33.6795	-1.17566	-0.327381	-0.556003	0.647159	0.406039
50	-54.6101	33.2918	-1.13774	-0.327075	-0.555972	0.647059	0.406487
51	-55.3586	32.8773	-1.09503	-0.327244	-0.555785	0.646846	0.406946
52	-56.1264	32.4872	-1.04794	-0.327275	-0.555725	0.647152	0.406517
53	-56.8787	32.0814	-0.986513	-0.327381	-0.55577	0.64698	0.406642
54	-57.6374	31.6779	-0.937594	-0.327471	-0.555572	0.64724	0.406429
55	-58.4466	31.2514	-0.870794	-0.327382	-0.555937	0.646953	0.40646
56	-59.2389	30.8166	-0.82122	-0.327559	-0.555735	0.646904	0.406696
57	-60.0756	30.3756	-0.764661	-0.327606	-0.555673	0.647061	0.406465
58	-60.8786	29.9415	-0.705304	-0.327477	-0.555684	0.646986	0.406673
59	-61.7582	29.4794	-0.653847	-0.327605	-0.555647	0.646938	0.406696
60	-62.6031	29.0016	-0.584508	-0.327729	-0.555812	0.646534	0.407016
61	-63.4756	28.572	-0.527823	-0.327569	-0.555705	0.647012	0.406529
62	-64.3777	28.0843	-0.462991	-0.327856	-0.555629	0.646896	0.406585
63	-65.279	27.5981	-0.390684	-0.327725	-0.555817	0.646572	0.406949
64	-66.1989	27.1275	-0.329067	-0.327566	-0.555897	0.646765	0.406662
65	-67.1505	26.5879	-0.268019	-0.327892	-0.555622	0.646585	0.40706
66	-68.0988	26.0858	-0.20362	-0.328016	-0.555499	0.6467	0.406947
67	-69.0659	25.6007	-0.117434	-0.327936	-0.555824	0.646672	0.406612
68	-70.0457	25.0578	-0.0828312	-0.327711	-0.555473	0.646678	0.407261
69	-71.0309	24.5368	0.0113458	-0.327929	-0.555852	0.64632	0.407134
70	-72.0499	23.9867	0.0816989	-0.328089	-0.555704	0.646284	0.407251
71	-73.0763	23.4649	0.145257	-0.327997	-0.555731	0.646593	0.406814
72	-74.1023	22.8894	0.220538	-0.328086	-0.555761	0.646065	0.40754
73	-75.1504	22.3175	0.285431	-0.328108	-0.555653	0.645857	0.408
74	-76.237	21.7732	0.343556	-0.328146	-0.555204	0.646601	0.407401
75	-77.3044	21.194	0.423141	-0.328258	-0.555246	0.646357	0.407641
76	-78.3992	20.6116	0.49584	-0.327986	-0.555467	0.646159	0.407873
77	-79.5079	20.0191	0.581467	-0.329356	-0.554891	0.645166	0.409124
78	-80.6377	19.428	0.636991	-0.331372	-0.553183	0.644406	0.411002
79	-81.7836	18.8191	0.728666	-0.332627	-0.552764	0.642934	0.412852
80	-82.9452	18.2666	0.814309	-0.333335	-0.552241	0.642942	0.412968
81	-84.1166	17.6755	0.895644	-0.333789	-0.551961	0.642507	0.413653
82	-85.2998	17.0682	0.973122	-0.334754	-0.551337	0.642186	0.414204
83	-86.5257	16.4651	1.06195	-0.334632	-0.551552	0.641516	0.415055
84	-87.7352	15.8283	1.13429	-0.335299	-0.55104	0.640914	0.416136
85	-88.9688	15.2065	1.21982	-0.335745	-0.55061	0.640998	0.416204
86	-90.2164	14.5723	1.30285	-0.335825	-0.55045	0.640836	0.416599
87	-91.4813	13.956	1.39196	-0.336017	-0.550611	0.640636	0.41654
88	-92.7663	13.3179	1.47328	-0.336143	-0.550343	0.640889	0.416403
89	-94.0584	12.6782	1.56989	-0.336242	-0.550394	0.640694	0.416556
90	-95.354	12.0444	1.66205	-0.336026	-0.550521	0.640627	0.416666
91	-96.6583	11.4032	1.74412	-0.33609	-0.550305	0.640904	0.416473
92	-97.992	10.7391	1.82312	-0.336043	-0.550296	0.640706	0.416828
93	-99.3188	10.0904	1.91348	-0.335967	-0.550142	0.640904	0.416789
94	-100.7	9.41533	2.00419	-0.335876	-0.550173	0.640939	0.416766
95	-102.067	8.73627	2.09721	-0.335999	-0.550165	0.640724	0.417007
96	-103.441	8.05891	2.17957	-0.335861	-0.55	0.640672	0.417417
97	-104.835	7.38062	2.30033	-0.336352	-0.550314	0.640619	0.416688
98	-106.25	6.67692	2.37886	-0.335814	-0.550162	0.640485	0.417525
99	-107.674	5.99923	2.46601	-0.335553	-0.550227	0.640737	0.417249
100	-109.086	5.28132	2.57904	-0.336086	-0.550102	0.640589	0.41723
101	-110.53	4.5461	2.65724	-0.335919	-0.549855	0.640247	0.418212
102	-111.985	3.85878	2.77038	-0.335725	-0.550146	0.640436	0.417695
103	-113.438	3.09855	2.85664	-0.336313	-0.549599	0.64019	0.418319
104	-114.941	2.41023	2.97475	-0.336165	-0.549955	0.640386	0.417669
105	-116.429	1.65867	3.04264	-0.336265	-0.549231	0.640661	0.418122
106	-117.936	0.925963	3.18496	-0.336442	-0.549909	0.640239	0.417733
107	-119.429	0.170753	3.28374	-0.336387	-0.549803	0.639873	0.418477
108	-120.94	-0.552313	3.39065	-0.336543	-0.54969	0.640107	0.418143
109	-122.498	-1.30854	3.49103	-0.336315	-0.549596	0.640179	0.418339
110	-124.052	-2.07324	3.59445	-0.336493	-0.549276	0.640366	0.418329
111	-125.624	-2.8303	3.69383	-0.336235	-0.54911	0.640561	0.418456
112	-127.205	-3.58426	3.81794	-0.335918	-0.549464	0.64118	0.417297
113	-128.711	-4.51195	3.93155	-0.272626	-0.585753	0.677683	0.351161
114	-130.029	-5.98801	3.99691	-0.173788	-0.62734	0.717707	0.247263
115	-129.141	-8.58157	4.12018	-0.11567	-0.651016	0.728112	0.180697
116	-129.376	-9.9019	4.2055	-0.0336433	-0.666399	0.739246	0.0910818
117	-129.451	-11.7181	4.1816	0.0259566	-0.670538	0.74096	0.0261512
118	-129.294	-13.4488	4.1722	0.0662686	-0.670707	0.738527	-0.0183816
119	-128.942	-15.2182	4.1168	0.095447	-0.669017	0.735381	-0.0502096
120	-128.468	-16.933	4.074	0.116135	-0.667125	0.732142	-0.0736521
121	-127.888	-18.6236	4.0144	0.125313	-0.666054	0.730495	-0.0839343
122	-127.432	-20.2188	3.95844	0.125765	-0.665785	0.730576	-0.0846914
123	-126.888	-21.8597	3.9308	0.125399	-0.666094	0.730411	-0.0842149
124	-126.368	-23.5087	3.88689	0.125415	-0.666145	0.73034	-0.0843953
125	-125.814	-25.1799	3.84073	0.124529	-0.666289	0.730349	-0.0844559
126	-125.292	-26.8738	3.78133	0.124706	-0.665935	0.730624	-0.0845521
127	-124.773	-28.5528	3.72915	0.125018	-0.665807	0.730711	-0.0844522
128	-124.209	-30.2281	3.67792	0.125016	-0.665781	0.730808	-0.0837113
129	-123.67	-31.9156	3.62269	0.125154	-0.665742	0.730888	-0.0832295
130	-123.137	-33.6285	3.59734	0.124496	-0.666137	0.730549	-0.0839131
131	-122.579	-35.3423	3.55303	0.124737	-0.666087	0.730647	-0.0832078
132	-122.045	-37.0686	3.49686	0.124495	-0.665951	0.730741	-0.0837211
133	-121.487	-38.8098	3.44261	0.124381	-0.666004	0.730752	-0.0834912
134	-120.939	-40.5519	3.39566	0.124536	-0.665869	0.730877	-0.0831279
135	-120.386	-42.2907	3.35326	0.124187	-0.666027	0.730774	-0.0833955
136	-119.825	-44.0868	3.28021	0.12421	-0.665631	0.731131	-0.0832838
137	-119.269	-45.8295	3.2551	0.124342	-0.665934	0.730883	-0.0829515
138	-118.688	-47.6195	3.18804	0.123657	-0.665759	0.731146	-0.0829485
139	-118.132	-49.3831	3.14516	0.124148	-0.665674	0.731265	-0.0819573
140	-117.571	-51.1838	3.09294	0.124312	-0.665597	0.731329	-0.0816535
141	-116.994	-52.9908	3.0398	0.123442	-0.665741	0.7313	-0.0821693
142	-116.409	-54.8088	2.99114	0.123341	-0.665608	0.731503	-0.081476
143	-115.842	-56.6409	2.94189	0.12323	-0.665662	0.73144	-0.0818862
144	-115.265	-58.4757	2.89073	0.123215	-0.665728	0.7314	-0.0816139
145	-114.675	-60.3166	2.85257	0.123127	-0.665895	0.731369	-0.0807647
146	-114.119	-62.1785	2.8005	0.122648	-0.665869	0.731368	-0.0815977
147	-113.554	-64.0473	2.76375	0.12313	-0.665998	0.731214	-0.0813072
148	-112.97	-65.9138	2.70884	0.123112	-0.665847	0.731352	-0.0812217
149	-112.388	-67.8047	2.66258	0.122901	-0.666051	0.731204	-0.081317
150	-111.781	-69.697	2.60709	0.122487	-0.665893	0.73146	-0.0808105
151	-111.216	-71.5753	2.58143	0.122415	-0.666207	0.73114	-0.0813482
152	-110.605	-73.5115	2.51642	0.122472	-0.66606	0.731335	-0.0805949
153	-110.006	-75.4281	2.4746	0.122243	-0.666185	0.731299	-0.0803456
154	-109.421	-77.3698	2.41746	0.11891	-0.666494	0.731914	-0.0770048
155	-108.922	-79.3432	2.35068	0.0931082	-0.668364	0.736408	-0.0481951
156	-108.611	-81.3577	2.32569	0.0553298	-0.669944	0.740314	-0.00547236
157	-108.566	-83.386	2.29071	-0.0034505	-0.667651	0.742052	0.0599042
158	-109.004	-85.4084	2.36777	-0.096024	-0.655461	0.73152	0.161273
159	-110.094	-87.2278	2.50781	-0.219841	-0.618313	0.693403	0.297575
160	-111.923	-88.6944	2.66553	-0.331221	-0.559896	0.633018	0.41961
161	-114.29	-89.5301	2.81777	-0.375347	-0.529103	0.601603	0.466088
162	-116.74	-90.2912	2.94466	-0.375183	-0.529052	0.601596	0.466259
163	-119.194	-91.0662	3.09237	-0.375411	-0.529146	0.601522	0.466093
164	-121.68	-91.8512	3.20909	-0.375317	-0.528899	0.601588	0.466334
165	-124.149	-92.6174	3.35764	-0.375055	-0.529108	0.601372	0.466616
166	-126.667	-93.4117	3.48446	-0.375472	-0.528878	0.601503	0.466343
167	-129.167	-94.1685	3.62098	-0.375221	-0.529158	0.601556	0.466188
168	-131.661	-94.9736	3.76584	-0.375833	-0.528964	0.601254	0.466276
169	-134.196	-95.7723	3.89417	-0.375552	-0.528858	0.601377	0.466493
170	-136.741	-96.5547	4.02682	-0.375358	-0.528839	0.601246	0.46681
171	-139.288	-97.3345	4.16213	-0.375211	-0.529123	0.601436	0.466391
172	-141.844	-98.1506	4.3146	-0.375849	-0.52885	0.601223	0.466433
173	-144.423	-98.9448	4.45522	-0.375692	-0.529008	0.601354	0.46624
174	-146.988	-99.739	4.58818	-0.375396	-0.529206	0.601298	0.466296
175	-149.571	-100.543	4.73541	-0.375268	-0.529423	0.601032	0.466525
176	-152.156	-101.36	4.86849	-0.375374	-0.529158	0.601221	0.466467
177	-154.775	-102.124	5.00778	-0.374871	-0.52967	0.601427	0.466055
178	-157.397	-102.939	5.12254	-0.374902	-0.529285	0.601782	0.46598
179	-160.015	-103.75	5.28094	-0.384128	-0.522445	0.594561	0.475389
180	-162.681	-104.202	5.43365	-0.438976	-0.474568	0.544663	0.534255
181	-165.413	-103.863	5.63046	-0.527925	-0.372509	0.436636	0.626004
182	-167.396	-102.522	5.79583	-0.614955	-0.21311	0.257938	0.714061
183	-168.408	-100.604	5.84292	-0.648079	-0.0895817	0.124956	0.745892
184	-169.05	-98.5425	5.93785	-0.649824	-0.0819467	0.116034	0.746693
185	-169.66	-96.4588	6.02822	-0.649967	-0.0823403	0.116465	0.746458
186	-170.315	-94.3857	6.10602	-0.650092	-0.0819324	0.116258	0.746426
187	-170.948	-92.3082	6.16811	-0.649839	-0.0820072	0.116338	0.746625
188	-171.575	-90.2231	6.25284	-0.649958	-0.082173	0.116213	0.746523
189	-172.233	-88.1226	6.32628	-0.649743	-0.0819495	0.116007	0.746767
190	-172.857	-86.0418	6.3979	-0.64968	-0.0823585	0.115997	0.746778
191	-173.502	-83.9337	6.48892	-0.6499	-0.0819372	0.116151	0.746609
192	-174.139	-81.8341	6.55927	-0.649918	-0.0820325	0.116149	0.746583
193	-174.775	-79.7391	6.62342	-0.649634	-0.0822277	0.11622	0.746798
194	-175.429	-77.6356	6.70256	-0.649769	-0.0820198	0.11586	0.746759
195	-176.058	-75.5128	6.78778	-0.649774	-0.0823051	0.116171	0.746675
196	-176.711	-73.3959	6.85938	-0.64965	-0.0824092	0.115611	0.746859
197	-177.355	-71.2797	6.9517	-0.649919	-0.0822321	0.115834	0.74661
198	-177.996	-69.1316	7.01724	-0.649725	-0.0821749	0.116297	0.746712
199	-178.652	-67.0017	7.1	-0.649813	-0.0823202	0.11577	0.746702
200	-179.304	-64.8765	7.17327	-0.649982	-0.0818098	0.116167	0.746549
201	-179.954	-62.7406	7.26162	-0.650011	-0.0821141	0.11559	0.74658
202	-180.592	-60.5957	7.3444	-0.650112	-0.0822213	0.116175	0.74639
203	-181.262	-58.4149	7.42345	-0.650044	-0.0827405	0.115535	0.746491
204	-181.93	-56.2595	7.50468	-0.649986	-0.0821154	0.115474	0.74662
205	-182.566	-54.0799	7.60253	-0.650443	-0.0834351	0.115087	0.746135
206	-183.243	-51.8838	7.67296	-0.650297	-0.0828964	0.11517	0.746309
207	-183.912	-49.671	7.74321	-0.650047	-0.0829492	0.115307	0.7465
208	-184.57	-47.4548	7.82206	-0.649917	-0.0834484	0.115497	0.746528
209	-185.255	-45.2553	7.8963	-0.649729	-0.0834989	0.114986	0.746765
210	-185.943	-42.9984	7.96698	-0.649669	-0.0833889	0.114979	0.746831
211	-186.625	-40.7788	8.0666	-0.649953	-0.083597	0.114506	0.746633
212	-187.294	-38.5388	8.14516	-0.649968	-0.0833275	0.115304	0.746528
213	-187.986	-36.2776	8.22238	-0.649928	-0.0837175	0.11486	0.746588
214	-188.69	-33.9819	8.31311	-0.650183	-0.083658	0.114691	0.746398
215	-189.382	-31.6916	8.38902	-0.650146	-0.0838668	0.11472	0.746402
216	-190.088	-29.3927	8.4816	-0.650234	-0.084	0.114679	0.746318
217	-190.786	-27.0716	8.5571	-0.650338	-0.0837859	0.115338	0.74615
218	-191.483	-24.7413	8.64314	-0.650298	-0.0840887	0.115195	0.746172
219	-192.204	-22.3962	8.72842	-0.650465	-0.083781	0.115336	0.746039
220	-192.913	-20.0558	8.80475	-0.650375	-0.0840157	0.115384	0.746084
221	-193.616	-17.7126	8.88965	-0.65047	-0.0846143	0.115176	0.745965
222	-194.337	-15.3589	8.96966	-0.650484	-0.0842972	0.115473	0.745944
223	-195.061	-12.9796	9.05574	-0.650625	-0.0845369	0.115384	0.745807
224	-195.804	-10.6052	9.13909	-0.650578	-0.0842559	0.115347	0.745885
225	-196.543	-8.20105	9.19413	-0.650223	-0.0844487	0.115075	0.746215
226	-197.275	-5.79681	9.29536	-0.650396	-0.0847965	0.114933	0.746047
227	-197.997	-3.37456	9.3722	-0.650319	-0.0845522	0.115874	0.745995
228	-198.746	-0.960462	9.45219	-0.650311	-0.0845729	0.115649	0.746036
229	-199.495	1.46106	9.54722	-0.650469	-0.0847211	0.114947	0.74599
230	-200.252	3.87246	9.62955	-0.650618	-0.0841454	0.114961	0.745922
231	-200.991	6.3256	9.69259	-0.650262	-0.0842113	0.11503	0.746215
232	-201.735	8.7649	9.7837	-0.650475	-0.0848695	0.114877	0.745979
233	-202.481	11.1853	9.86971	-0.650286	-0.0848977	0.114519	0.746195
234	-203.212	13.6488	9.95541	-0.650451	-0.0847079	0.115446	0.74593
235	-203.977	16.104	10.0371	-0.650177	-0.085078	0.114785	0.746229
236	-204.714	18.5784	10.121	-0.650201	-0.0853451	0.115377	0.746085
237	-205.454	21.0292	10.2201	-0.650527	-0.0858795	0.115326	0.745748
238	-206.206	23.496	10.3037	-0.650424	-0.0857582	0.115929	0.745759
239	-206.958	25.9477	10.3927	-0.650376	-0.0858657	0.115764	0.745813
240	-207.734	28.3971	10.4751	-0.650455	-0.085842	0.115048	0.745858
241	-208.492	30.8524	10.5386	-0.650247	-0.0859951	0.115065	0.74602
242	-209.27	33.2982	10.6299	-0.650217	-0.0859869	0.114739	0.746096
243	-210.022	35.78	10.7018	-0.64998	-0.0858437	0.115175	0.746253
244	-210.768	38.2235	10.8034	-0.650062	-0.0861255	0.115044	0.746169
245	-211.52	40.7062	10.8813	-0.649914	-0.0863955	0.115183	0.746245
246	-212.294	43.1645	10.9599	-0.649799	-0.0867172	0.11476	0.746373
247	-213.012	45.6119	11.0491	-0.649944	-0.0865781	0.115626	0.74613
248	-213.784	48.0539	11.1191	-0.64945	-0.0867755	0.11507	0.746621
249	-214.514	50.5067	11.2148	-0.650541	-0.0818778	0.110859	0.746863
250	-214.857	53.0276	11.2836	-0.659143	0.0421374	-0.0238603	0.750458
251	-211.51	52.9741	11.6909	-0.664119	0.156489	-0.115142	0.721941
252	-209.957	55.0325	11.4833	-0.625297	0.298731	-0.280068	0.664324
253	-208.081	56.5125	11.3406	-0.611481	0.331484	-0.317546	0.644495
254	-206.133	57.9232	11.1495	-0.611807	0.330664	-0.317764	0.6445
255	-204.186	59.3514	10.9736	-0.611918	0.330586	-0.317656	0.644487
256	-202.271	60.774	10.7919	-0.611867	0.330506	-0.318233	0.644292
257	-200.332	62.1955	10.6074	-0.611622	0.330902	-0.317829	0.644521
258	-198.405	63.6029	10.4269	-0.611538	0.330795	-0.317696	0.644721
259	-196.497	65.044	10.2659	-0.6115	0.331468	-0.318228	0.644148
260	-194.547	66.4408	10.0876	-0.611553	0.331379	-0.317536	0.644486
261	-192.634	67.8445	9.91978	-0.612058	0.330794	-0.317988	0.644083
262	-190.711	69.2602	9.71795	-0.611437	0.330801	-0.317857	0.644734
263	-188.782	70.6682	9.54613	-0.61147	0.331027	-0.317641	0.644693
264	-186.858	72.0918	9.36206	-0.611492	0.330904	-0.318085	0.644517
265	-184.915	73.5066	9.1837	-0.611442	0.33111	-0.317515	0.64474
266	-182.979	74.9137	8.99833	-0.611498	0.330648	-0.31756	0.644902
267	-181.057	76.3379	8.83307	-0.611732	0.330878	-0.317713	0.644487
268	-179.107	77.7499	8.64764	-0.611657	0.3305	-0.317678	0.644769
269	-177.186	79.1517	8.48842	-0.611998	0.330811	-0.317012	0.644617
270	-175.262	80.5514	8.28867	-0.611443	0.330623	-0.31682	0.645345
271	-173.343	81.9661	8.11699	-0.611575	0.330686	-0.316864	0.645151
272	-171.408	83.378	7.92964	-0.611635	0.330295	-0.316641	0.645403
273	-169.489	84.8286	7.76964	-0.611633	0.33095	-0.317335	0.644729
274	-167.566	86.2444	7.59016	-0.611612	0.330952	-0.317117	0.644855
275	-165.651	87.6601	7.4036	-0.61132	0.331091	-0.317105	0.645067
276	-163.708	89.0914	7.21853	-0.611305	0.330785	-0.317424	0.645081
277	-161.801	90.5005	7.03926	-0.611097	0.330679	-0.317475	0.645307
278	-159.851	91.9204	6.84975	-0.610929	0.330534	-0.317417	0.645569
279	-157.912	93.3353	6.68319	-0.611547	0.33002	-0.317443	0.645234
280	-155.965	94.7577	6.49886	-0.611325	0.330086	-0.317162	0.645548
281	-154.018	96.1673	6.3203	-0.61131	0.329912	-0.316747	0.645855
282	-152.054	97.6267	6.13999	-0.611314	0.329972	-0.317051	0.645672
283	-150.094	99.0734	5.96099	-0.611381	0.329834	-0.316924	0.645741
284	-148.135	100.522	5.77629	-0.611366	0.329633	-0.317005	0.645818
285	-146.168	101.963	5.60553	-0.61165	0.329532	-0.316798	0.645703
286	-144.217	103.399	5.45145	-0.611954	0.329579	-0.316772	0.645403
287	-142.26	104.848	5.26674	-0.611849	0.329726	-0.316447	0.645587
288	-140.312	106.287	5.10187	-0.612199	0.329533	-0.316485	0.645335
289	-138.342	107.755	4.91565	-0.61214	0.329517	-0.316817	0.645237
290	-136.39	109.227	4.73327	-0.612033	0.330043	-0.316908	0.645025
291	-134.406	110.689	4.55485	-0.612448	0.329683	-0.317083	0.644731
292	-132.434	112.149	4.3564	-0.61214	0.329669	-0.317264	0.644947
293	-130.47	113.608	4.1788	-0.612476	0.329131	-0.317786	0.644665
294	-128.499	115.073	3.99349	-0.612141	0.329516	-0.317635	0.644834
295	-126.528	116.534	3.8035	-0.612139	0.329275	-0.318084	0.644738
296	-124.541	117.996	3.64203	-0.612279	0.32969	-0.317795	0.644535
297	-122.551	119.471	3.42838	-0.611626	0.329936	-0.317721	0.645066
298	-120.57	120.916	3.26371	-0.611953	0.329916	-0.317408	0.644919
299	-118.6	122.384	3.07409	-0.612064	0.329552	-0.318178	0.644621
300	-116.631	123.853	2.89553	-0.611953	0.329907	-0.31845	0.64441
301	-114.618	125.321	2.69987	-0.611665	0.329831	-0.318219	0.644836
302	-112.631	126.78	2.52429	-0.611881	0.329523	-0.318403	0.644699
303	-110.637	128.252	2.34951	-0.612031	0.329893	-0.31821	0.644462
304	-108.636	129.712	2.16414	-0.612232	0.329589	-0.318067	0.644497
305	-106.66	131.193	1.9901	-0.611991	0.330173	-0.318302	0.644311
306	-104.683	132.666	1.78951	-0.611791	0.329542	-0.319332	0.644314
307	-102.735	134.117	1.59558	-0.611515	0.329662	-0.319568	0.644398
308	-100.751	135.554	1.41434	-0.611644	0.329497	-0.319352	0.644467
309	-98.7983	137.009	1.24606	-0.611405	0.330116	-0.319463	0.644322
310	-96.8423	138.434	1.06622	-0.611402	0.329927	-0.319272	0.644516
311	-94.8744	139.882	0.88509	-0.6114	0.329906	-0.319471	0.64443
312	-92.925	141.304	0.720526	-0.611447	0.329992	-0.319216	0.644469
313	-90.9773	142.722	0.538226	-0.611511	0.3297	-0.319361	0.644484
314	-89.0301	144.176	0.344432	-0.611173	0.329836	-0.32	0.644419
315	-87.0692	145.579	0.166007	-0.611075	0.329658	-0.319489	0.644857
316	-85.1579	147.015	-0.00916989	-0.611005	0.329735	-0.320037	0.644615
317	-83.1885	148.459	-0.221112	-0.610334	0.329658	-0.320488	0.645072
318	-81.248	149.929	-0.402734	-0.610208	0.329763	-0.321295	0.644752
319	-79.3052	151.39	-0.570979	-0.609819	0.330211	-0.322046	0.644491
320	-77.3569	152.805	-0.765106	-0.596806	0.354698	-0.351052	0.628311
321	-75.139	153.601	-0.968312	-0.520176	0.463431	-0.481324	0.531955
322	-72.5984	153.496	-1.4313	0.414623	-0.548912	0.594036	-0.417018
323	-70.0605	152.347	-1.57496	0.338254	-0.595265	0.649836	-0.330088
324	-67.8881	150.603	-1.69929	0.290802	-0.617221	0.677277	-0.275262
325	-65.9281	148.632	-1.80587	0.258973	-0.629069	0.69289	-0.238973
326	-64.1484	146.509	-1.89212	0.236322	-0.636754	0.702304	-0.213226
327	-62.4894	144.316	-1.9821	0.228944	-0.638744	0.705454	-0.204755
328	-60.8224	142.088	-2.09059	0.228859	-0.638438	0.705849	-0.204446
329	-59.2135	139.894	-2.14914	0.228587	-0.639069	0.705345	-0.204515
330	-57.544	137.716	-2.22796	0.228051	-0.639116	0.705814	-0.203347
331	-55.9286	135.483	-2.33409	0.228061	-0.638752	0.706041	-0.20369
332	-54.2702	133.275	-2.41613	0.227754	-0.638853	0.706234	-0.203047
333	-52.619	131.084	-2.50816	0.227368	-0.638468	0.707075	-0.201762
334	-50.9921	128.881	-2.57648	0.226719	-0.638985	0.706807	-0.201793
335	-49.3873	126.661	-2.65614	0.226904	-0.638892	0.706954	-0.201363
336	-47.7689	124.434	-2.73334	0.227199	-0.638885	0.706889	-0.201281
337	-46.1209	122.199	-2.81241	0.226714	-0.638882	0.707181	-0.200814
338	-44.5482	120.006	-2.88606	0.227108	-0.638848	0.707131	-0.200652
339	-42.9254	117.784	-2.98143	0.226568	-0.638745	0.707408	-0.200615
340	-41.2972	115.562	-3.03718	0.226305	-0.638968	0.707319	-0.200513
341	-39.7023	113.363	-3.10472	0.226176	-0.639063	0.707297	-0.200436
342	-38.0967	111.169	-3.18621	0.22576	-0.638964	0.707612	-0.200107
343	-36.4452	109.019	-3.24481	0.225619	-0.63934	0.707871	-0.198137
344	-34.8434	106.853	-3.3115	0.225132	-0.639619	0.708038	-0.197194
345	-33.286	104.686	-3.38898	0.225037	-0.639507	0.70823	-0.196977
346	-31.6806	102.535	-3.49513	0.224246	-0.639204	0.709072	-0.195828
347	-30.1534	100.403	-3.55909	0.223922	-0.639471	0.70905	-0.19541
348	-28.5807	98.2839	-3.62344	0.223064	-0.639813	0.709323	-0.194273
349	-27.0742	96.1894	-3.69708	0.22235	-0.639863	0.709715	-0.193494
350	-25.5608	94.0826	-3.75543	0.221639	-0.640197	0.709697	-0.193265
351	-24.073	91.972	-3.83323	0.220533	-0.640335	0.709789	-0.193729
352	-22.6105	89.9049	-3.92012	0.220407	-0.639997	0.710391	-0.192764
353	-21.1477	87.8421	-3.98696	0.219699	-0.640204	0.71057	-0.192255
354	-19.6913	85.7804	-4.05367	0.219875	-0.640216	0.710743	-0.191342
355	-18.2335	83.7593	-4.14369	0.218406	-0.64004	0.711422	-0.191057
356	-16.7415	81.7174	-4.21744	0.218042	-0.640003	0.712109	-0.189091
357	-15.2902	79.7324	-4.31878	0.216539	-0.639808	0.713033	-0.18793
358	-13.8722	77.7592	-4.40399	0.215791	-0.639569	0.713832	-0.18663
359	-12.4166	75.7942	-4.46812	0.214347	-0.639888	0.714575	-0.184282
360	-11.063	73.8439	-4.54044	0.213326	-0.639598	0.715353	-0.183512
361	-9.70982	71.9154	-4.6119	0.212125	-0.639439	0.71621	-0.182049
362	-8.39819	69.9751	-4.68697	0.211301	-0.638996	0.717019	-0.181437
363	-7.05935	68.0564	-4.72341	0.209696	-0.639297	0.717586	-0.17993
364	-5.95896	66.0636	-4.78068	0.133036	-0.653379	0.739113	-0.0954453
365	-5.43855	64.0881	-4.70996	-0.00258119	-0.658474	0.750771	0.0522278
366	-5.51097	61.5737	-4.63889	-0.145645	-0.634225	0.730081	0.208635
367	-6.80173	59.6111	-4.54938	-0.234328	-0.602684	0.698854	0.305685
368	-8.44936	58.1068	-4.38545	-0.286903	-0.57829	0.672229	0.362458
369	-10.2415	56.9457	-4.24985	-0.319652	-0.559865	0.65337	0.396809
370	-12.0894	55.9302	-4.13394	-0.330207	-0.553205	0.646853	0.408054
371	-13.9318	54.958	-3.995	-0.330666	-0.553194	0.646584	0.408095
372	-15.7748	53.9781	-3.85939	-0.330672	-0.55322	0.646298	0.408537
373	-17.6357	53.0178	-3.75471	-0.330348	-0.552966	0.646359	0.409016
374	-19.4295	52.03	-3.60858	-0.331138	-0.552903	0.64574	0.40947
375	-21.2476	51.0879	-3.4672	-0.331444	-0.553005	0.645442	0.409524
376	-23.0407	50.1411	-3.35988	-0.331354	-0.552602	0.645491	0.410093
377	-24.8002	49.194	-3.22853	-0.331692	-0.552694	0.644876	0.410633
378	-26.5595	48.2845	-3.1082	-0.331926	-0.55246	0.644954	0.410667
379	-28.2715	47.3788	-2.96213	-0.332068	-0.552764	0.644373	0.411026
380	-30.0044	46.5007	-2.82667	-0.332384	-0.552903	0.644382	0.410599
381	-31.7432	45.6115	-2.73261	-0.332271	-0.552494	0.64458	0.410899
382	-33.4453	44.7054	-2.61935	-0.332428	-0.552206	0.644373	0.411514
383	-35.1389	43.8122	-2.49551	-0.332435	-0.55235	0.643873	0.412067
384	-36.8032	42.9512	-2.37491	-0.333008	-0.552211	0.64388	0.41181
385	-38.472	42.0884	-2.25382	-0.333165	-0.55222	0.643687	0.411942
386	-40.1221	41.2456	-2.14394	-0.333011	-0.551982	0.643789	0.412257
387	-41.7841	40.3963	-2.02745	-0.333093	-0.552224	0.643466	0.412341
388	-43.4262	39.5782	-1.90914	-0.333127	-0.552462	0.643395	0.412135
389	-45.0363	38.7525	-1.82231	-0.332883	-0.551912	0.643669	0.41261
390	-46.6326	37.9314	-1.68775	-0.333055	-0.552332	0.64319	0.412687
391	-48.2403	37.1313	-1.58224	-0.33318	-0.552105	0.643477	0.412412
392	-49.8029	36.3255	-1.48027	-0.333151	-0.552035	0.643405	0.412672
393	-51.3602	35.5364	-1.36727	-0.333201	-0.552217	0.643156	0.412746
394	-52.9025	34.7521	-1.25508	-0.333048	-0.552323	0.64304	0.412938
395	-54.4447	34.0002	-1.1605	-0.332863	-0.552247	0.6434	0.412598
396	-55.9664	33.2038	-1.05875	-0.333323	-0.552067	0.643134	0.412913
397	-57.4762	32.4563	-0.937646	-0.333339	-0.55229	0.64318	0.412498
398	-58.9806	31.691	-0.848692	-0.333407	-0.55194	0.643298	0.412758
399	-60.4504	30.9397	-0.750993	-0.333432	-0.551919	0.64323	0.412841
400	-61.9054	30.1994	-0.646513	-0.333456	-0.551993	0.643146	0.412883
401	-63.3407	29.4602	-0.55352	-0.333406	-0.552019	0.64286	0.413306
402	-64.7847	28.7534	-0.449145	-0.333472	-0.551985	0.643167	0.41285
403	-66.2036	28.0285	-0.35069	-0.333672	-0.551916	0.643144	0.412786
404	-67.6108	27.3076	-0.244513	-0.333734	-0.55205	0.642926	0.412928
405	-69.0058	26.5887	-0.152722	-0.333707	-0.551967	0.642651	0.413456
406	-70.3661	25.8734	-0.0603304	-0.333847	-0.551876	0.642393	0.413896
407	-71.7527	25.199	0.0313223	-0.333955	-0.551719	0.642824	0.413319
408	-73.0879	24.5398	0.13453	-0.333734	-0.552179	0.642581	0.41329
409	-74.426	23.834	0.225546	-0.333989	-0.551873	0.642272	0.413944
410	-75.7617	23.1696	0.309147	-0.333703	-0.551946	0.642321	0.41403
411	-77.0633	22.5126	0.395199	-0.334011	-0.551684	0.642515	0.413799
412	-78.3476	21.845	0.482826	-0.334324	-0.551534	0.642366	0.41401
413	-79.6246	21.2289	0.57191	-0.333988	-0.551728	0.64257	0.413676
414	-80.8912	20.5835	0.665786	-0.333985	-0.551962	0.64243	0.413612
415	-82.1444	19.9307	0.752909	-0.333657	-0.552125	0.642508	0.413508
416	-83.3781	19.3393	0.827368	-0.332921	-0.552349	0.643061	0.412973
417	-84.5994	18.6984	0.894008	-0.33276	-0.552194	0.643268	0.412958
418	-85.7976	18.0843	1.00255	-0.332767	-0.552707	0.643001	0.41271
419	-87	17.449	1.06875	-0.332597	-0.552539	0.642925	0.413161
420	-88.1675	16.8484	1.14578	-0.332628	-0.552491	0.643229	0.412758
421	-89.3138	16.2746	1.22206	-0.33256	-0.552571	0.64341	0.412394
422	-90.4511	15.6799	1.3187	-0.332582	-0.552905	0.643038	0.412538
423	-91.586	15.089	1.37584	-0.33245	-0.55241	0.643354	0.412786
424	-92.6937	14.535	1.45964	-0.332326	-0.552671	0.643412	0.412473
425	-93.7893	13.9682	1.52147	-0.331965	-0.552704	0.643418	0.412681
426	-94.8631	13.4141	1.62173	-0.332288	-0.553018	0.643382	0.412087
427	-95.9221	12.861	1.68909	-0.332232	-0.552884	0.643362	0.412312
428	-96.9735	12.3327	1.74902	-0.331617	-0.55319	0.643086	0.412858
429	-98.0117	11.8192	1.83031	-0.331753	-0.553166	0.64346	0.412168
430	-99.0361	11.2816	1.88212	-0.331575	-0.552946	0.643634	0.412363
431	-100.063	10.7771	1.96731	-0.331702	-0.553204	0.643684	0.411807
432	-101.039	10.2505	2.01151	-0.331302	-0.552979	0.643665	0.412492
433	-102.016	9.76453	2.08315	-0.331459	-0.55306	0.643755	0.412085
434	-102.977	9.27226	2.15851	-0.33133	-0.5533	0.643504	0.41229
435	-103.916	8.78731	2.22782	-0.331647	-0.553279	0.643614	0.41186
436	-104.856	8.31502	2.28068	-0.331221	-0.55326	0.643664	0.41218
437	-105.753	7.84658	2.34821	-0.331213	-0.55332	0.643575	0.412216
438	-106.67	7.4011	2.42007	-0.331031	-0.553586	0.643686	0.411861
439	-107.538	6.92241	2.46995	-0.331499	-0.553249	0.643497	0.412201
440	-108.396	6.49098	2.52003	-0.331086	-0.553195	0.643678	0.412354
441	-109.27	6.04876	2.58357	-0.331155	-0.553353	0.643849	0.411789
442	-110.113	5.61654	2.63606	-0.331085	-0.553287	0.643795	0.412049
443	-110.917	5.17159	2.69989	-0.331294	-0.553242	0.643478	0.412406
444	-111.731	4.76064	2.73668	-0.331066	-0.553063	0.643678	0.412548
445	-112.525	4.3525	2.79465	-0.331359	-0.552909	0.643743	0.412388
446	-113.3	3.93016	2.84645	-0.331427	-0.552743	0.643525	0.412925
447	-114.079	3.55396	2.90945	-0.331456	-0.553057	0.643713	0.412158
448	-114.826	3.16248	2.95462	-0.331304	-0.552974	0.643605	0.412589
449	-115.576	2.78342	3.00273	-0.330912	-0.553041	0.643698	0.41264
450	-116.296	2.42167	3.05565	-0.330745	-0.553296	0.643564	0.41267
451	-116.987	2.07708	3.0977	-0.330891	-0.553196	0.643755	0.412358
452	-117.698	1.70027	3.13813	-0.33097	-0.552893	0.643886	0.412528
453	-118.365	1.35176	3.17487	-0.330903	-0.552709	0.643886	0.412799
454	-119.032	1.02826	3.22993	-0.330805	-0.553079	0.643811	0.412529
455	-119.647	0.683819	3.28344	-0.331179	-0.552752	0.643759	0.412717
456	-120.291	0.359206	3.32298	-0.330962	-0.552933	0.643729	0.412726
457	-120.922	0.0601495	3.36965	-0.330975	-0.552872	0.644093	0.412198
458	-121.517	-0.251122	3.39957	-0.330741	-0.552892	0.643924	0.412654
459	-122.118	-0.554035	3.44938	-0.330801	-0.552979	0.644007	0.412328
460	-122.675	-0.855824	3.49877	-0.331053	-0.552947	0.643792	0.412535
461	-123.248	-1.12923	3.52459	-0.330598	-0.552845	0.644131	0.412478
462	-124.447	-1.74448	3.35521	-0.328922	-0.55052	0.646378	0.413442
463	-125.188	-2.14103	3.35456	-0.328446	-0.54971	0.647044	0.413825
464	-125.911	-2.40701	3.35139	-0.327488	-0.549393	0.648449	0.412835
465	-126.901	-2.7982	3.27742	-0.32537	-0.548127	0.650803	0.412459
466	-127.364	-3.01314	3.355	-0.325573	-0.548604	0.650772	0.411742
467	-127.569	-3.18759	3.4871	-0.326794	-0.549509	0.649177	0.412056
468	-127.786	-3.47613	3.54827	-0.328126	-0.549349	0.647517	0.413849
469	-128.541	-3.9034	3.45621	-0.326678	-0.547516	0.6487	0.415538
470	-129.296	-4.35469	3.3966	-0.325458	-0.545745	0.649692	0.4173
471	-129.728	-4.55413	3.47738	-0.325279	-0.546478	0.649441	0.416842
472	-130.505	-4.74376	3.50081	-0.324019	-0.546531	0.651845	0.414022
473	-131.433	-5.15675	3.44306	-0.32238	-0.544792	0.654402	0.413529
474	-131.885	-5.44007	3.49497	-0.322371	-0.544401	0.654428	0.414039
475	-132.052	-5.69351	3.56474	-0.323391	-0.544357	0.652504	0.416302
476	-132.499	-5.83803	3.61686	-0.323038	-0.544699	0.653548	0.414517
477	-132.761	-5.97497	3.64503	-0.322857	-0.544732	0.653385	0.414841
478	-132.813	-6.11455	3.69137	-0.323926	-0.544904	0.651816	0.416278
479	-133.082	-6.10193	3.74278	-0.323476	-0.545812	0.65279	0.413876
480	-133.294	-6.24143	3.83915	-0.324557	-0.546229	0.652418	0.413094
481	-133.527	-6.50146	3.94844	-0.32585	-0.546613	0.650353	0.414792
482	-133.969	-6.75245	3.89674	-0.324632	-0.545508	0.651176	0.415939
483	-134.375	-6.89348	3.8694	-0.323875	-0.544794	0.652736	0.414988
484	-135.212	-7.13476	3.75019	-0.320557	-0.543162	0.656478	0.413831
485	-135.569	-7.40087	3.68504	-0.319481	-0.541679	0.656949	0.415824
486	-136.151	-7.65588	3.5618	-0.317902	-0.539092	0.659897	0.415758
487	-136.323	-7.75969	3.61359	-0.317772	-0.539381	0.659567	0.415976
488	-136.295	-7.86333	3.74489	-0.319452	-0.540776	0.657203	0.416648
489	-136.44	-7.92444	3.79808	-0.319574	-0.541183	0.656683	0.416817
490	-136.319	-7.98234	3.93247	-0.321642	-0.542453	0.654319	0.417321
491	-136.24	-8.08155	3.90765	-0.322524	-0.54159	0.652918	0.419919
492	-136.306	-8.17445	3.89674	-0.322624	-0.541272	0.652569	0.420824
493	-136.312	-8.20836	3.93223	-0.322846	-0.541646	0.651758	0.421399
494	-134.438	-8.02013	4.14777	-0.332153	-0.543976	0.63975	0.429516
495	-134.523	-8.02239	4.18551	-0.331961	-0.54487	0.63967	0.42862
496	-134.608	-8.07254	4.16729	-0.331811	-0.54442	0.639846	0.429075
497	-134.615	-8.14135	4.14557	-0.331719	-0.543846	0.639037	0.431046
498	-134.661	-8.10436	4.15939	-0.331769	-0.544206	0.639823	0.429414
499	-134.665	-8.14746	4.15371	-0.331971	-0.543862	0.63948	0.430175
500	-134.685	-8.10982	4.15832	-0.332111	-0.543854	0.640423	0.4287
