1.000000	-28.184111	-7.517608	3.042830	0.531684	0.523530	0.469331	0.472182
2.000000	-28.306098	-7.342251	2.978499	0.535728	0.521086	0.470227	0.469416
3.000000	-28.667242	-7.665799	2.531428	0.530737	0.521062	0.468930	0.476359
4.000000	-28.129278	-7.696090	2.745754	0.525493	0.521434	0.475229	0.475522
5.000000	-28.627996	-7.328642	2.633024	0.531047	0.525244	0.469367	0.470960
6.000000	-28.720370	-7.625594	2.828353	0.530996	0.521015	0.473833	0.471241
7.000000	-28.947429	-7.448063	3.201974	0.532382	0.520574	0.469978	0.474018
8.000000	-28.779349	-7.213534	2.606372	0.535942	0.518122	0.466332	0.476289
9.000000	-28.885368	-7.184777	3.171463	0.530002	0.523280	0.474069	0.469610
10.000000	-29.049467	-7.060962	2.688651	0.525079	0.525618	0.472438	0.474151
11.000000	-29.285642	-7.572514	2.651322	0.534595	0.526691	0.472027	0.462596
12.000000	-29.595351	-7.200063	2.903631	0.540399	0.522844	0.467801	0.464505
13.000000	-28.818985	-7.307220	2.923530	0.529111	0.519734	0.470794	0.477777
14.000000	-29.292293	-7.122731	2.837664	0.526413	0.523754	0.476398	0.470761
15.000000	-29.847988	-7.330200	2.488214	0.534999	0.513540	0.480061	0.468609
16.000000	-29.995648	-7.212277	2.643442	0.529344	0.524226	0.470674	0.472703
17.000000	-30.110143	-7.148586	2.608107	0.526396	0.527958	0.481357	0.460936
18.000000	-30.406377	-7.460036	2.679203	0.533216	0.519724	0.477077	0.466868
19.000000	-30.752835	-7.471202	2.625288	0.530991	0.518973	0.479831	0.467416
20.000000	-30.699567	-7.646164	2.866863	0.523182	0.525384	0.477863	0.471062
21.000000	-31.374449	-7.399290	2.984013	0.526328	0.526050	0.473986	0.470730
22.000000	-31.028556	-7.312207	2.731572	0.533437	0.524142	0.470036	0.468813
23.000000	-32.058693	-7.533501	2.892552	0.536649	0.517103	0.470488	0.472496
24.000000	-32.069580	-7.372116	2.933481	0.525185	0.527862	0.472975	0.470996
25.000000	-32.142102	-7.459522	2.808474	0.532264	0.524839	0.465556	0.473811
26.000000	-32.617584	-7.476368	2.727193	0.535264	0.522296	0.470477	0.468349
27.000000	-33.279169	-7.236025	2.673179	0.526886	0.524331	0.480331	0.465564
28.000000	-33.144433	-7.230557	2.549084	0.531576	0.525269	0.468899	0.470801
29.000000	-33.659261	-7.166163	2.727002	0.524007	0.521984	0.475959	0.475829
30.000000	-34.230820	-7.614889	2.813606	0.529822	0.526009	0.471034	0.469820
31.000000	-34.375988	-7.427265	2.744363	0.522621	0.521842	0.480476	0.472961
32.000000	-34.707221	-7.271238	2.825286	0.535723	0.519690	0.473120	0.468061
33.000000	-34.836172	-7.663234	2.790953	0.532763	0.519994	0.476641	0.467528
34.000000	-35.719303	-7.021552	2.915770	0.529064	0.530520	0.467719	0.468911
35.000000	-36.199767	-7.362678	2.655605	0.526144	0.522143	0.471672	0.477560
36.000000	-36.695165	-7.520832	2.758023	0.535733	0.515692	0.473700	0.471869
37.000000	-37.445779	-7.207836	2.830118	0.528137	0.525038	0.473150	0.470676
38.000000	-37.435172	-7.341613	2.706488	0.535133	0.520315	0.467684	0.473473
39.000000	-38.442304	-7.397902	2.837794	0.526079	0.528905	0.470709	0.471099
40.000000	-38.590269	-7.558574	2.426815	0.525269	0.524691	0.473265	0.474144
41.000000	-39.109098	-7.778470	2.873421	0.534503	0.521221	0.472268	0.468613
42.000000	-39.415753	-7.621032	2.874070	0.527324	0.520577	0.468289	0.481284
43.000000	-40.682631	-7.560442	2.781468	0.530871	0.520364	0.470814	0.475112
44.000000	-40.501291	-7.343877	2.711117	0.529985	0.517443	0.477885	0.472224
45.000000	-41.358181	-7.314624	2.695107	0.532620	0.522696	0.479649	0.461565
46.000000	-42.095264	-7.597794	2.440750	0.534082	0.525602	0.467259	0.469221
47.000000	-42.433652	-7.278382	3.000848	0.533473	0.520299	0.472543	0.470531
48.000000	-42.993395	-7.313888	2.908859	0.537258	0.524733	0.468408	0.465406
49.000000	-43.745960	-7.475895	2.564268	0.528303	0.520536	0.472182	0.476427
50.000000	-44.588980	-7.644536	2.486252	0.530882	0.511591	0.476946	0.478499
51.000000	-44.700679	-7.279449	2.704655	0.530977	0.527554	0.467080	0.470731
52.000000	-45.562266	-7.487439	2.917872	0.527885	0.525155	0.473270	0.470707
53.000000	-46.415785	-7.667902	2.948235	0.529017	0.520953	0.475666	0.471689
54.000000	-46.716699	-7.418528	2.888625	0.522561	0.523028	0.479213	0.472997
55.000000	-47.584994	-7.368119	2.935310	0.523136	0.525984	0.475308	0.473025
56.000000	-48.623277	-7.769084	3.132683	0.527738	0.525883	0.477508	0.465752
57.000000	-48.969792	-7.107471	2.440843	0.532408	0.517667	0.473353	0.473814
58.000000	-50.190180	-7.914627	2.875607	0.529915	0.520339	0.467468	0.479491
59.000000	-50.792630	-7.815999	2.770844	0.537030	0.525506	0.470760	0.462416
60.000000	-51.313590	-7.248354	2.631930	0.534703	0.520386	0.462912	0.478543
61.000000	-52.037342	-7.432400	2.925058	0.539359	0.525135	0.468792	0.462124
62.000000	-52.894034	-7.587566	2.780602	0.535158	0.517707	0.473366	0.470648
63.000000	-54.096127	-7.503883	3.021728	0.530604	0.519764	0.476237	0.470641
64.000000	-54.359991	-7.364428	2.574902	0.524994	0.525240	0.472150	0.474951
65.000000	-55.098441	-7.688857	2.612191	0.531001	0.512765	0.485067	0.468850
66.000000	-55.957178	-7.334251	2.868389	0.523945	0.523377	0.477550	0.472762
67.000000	-57.157386	-7.385122	2.604200	0.532837	0.518035	0.476877	0.469375
68.000000	-57.987563	-7.538387	2.805952	0.537247	0.519257	0.474071	0.465827
69.000000	-58.990524	-7.495958	2.701324	0.525316	0.525446	0.468967	0.477514
70.000000	-59.628033	-7.664866	3.001041	0.528349	0.526789	0.473246	0.468379
71.000000	-60.531438	-7.715420	2.869040	0.528388	0.522817	0.472798	0.473212
72.000000	-61.652701	-7.626893	2.700304	0.527343	0.520649	0.466324	0.483089
73.000000	-62.243787	-7.348573	2.653967	0.529946	0.526352	0.471396	0.468932
74.000000	-63.199281	-7.607413	2.700729	0.530876	0.521978	0.472538	0.471611
75.000000	-64.193000	-7.655058	3.260477	0.531171	0.521302	0.471949	0.472616
76.000000	-65.442540	-7.765920	2.771780	0.532532	0.520677	0.470768	0.472951
77.000000	-66.539657	-7.801242	2.741190	0.534583	0.522279	0.474389	0.465189
78.000000	-67.134287	-7.568331	2.742198	0.526266	0.517897	0.471889	0.481817
79.000000	-67.980706	-7.357906	3.084968	0.529796	0.519434	0.472416	0.475738
80.000000	-69.546195	-7.309371	2.435263	0.534560	0.513917	0.473109	0.475712
81.000000	-70.760417	-7.430692	3.004200	0.535922	0.515095	0.467063	0.478871
82.000000	-71.074739	-7.589455	2.637849	0.539689	0.518401	0.462125	0.475853
83.000000	-72.430036	-7.584293	2.727032	0.531423	0.524647	0.467828	0.472729
84.000000	-73.250409	-7.419213	2.917186	0.534970	0.515273	0.474460	0.472427
85.000000	-74.369669	-7.285153	2.594415	0.536589	0.519927	0.457879	0.481763
86.000000	-75.903804	-7.257679	2.866848	0.538424	0.512032	0.466702	0.479701
87.000000	-76.852276	-7.855971	2.766796	0.536297	0.515534	0.467542	0.477508
88.000000	-78.051189	-7.420907	2.501944	0.536059	0.523776	0.463974	0.472258
89.000000	-78.979002	-7.584169	2.820166	0.534059	0.518076	0.466824	0.477968
90.000000	-79.924882	-7.464033	2.897783	0.538492	0.512747	0.469112	0.476498
91.000000	-81.302539	-7.001479	2.909277	0.537424	0.519825	0.463833	0.475201
92.000000	-82.901728	-7.482544	2.668509	0.527172	0.519327	0.467771	0.483300
93.000000	-83.415020	-7.642083	2.778477	0.536682	0.506956	0.472074	0.481783
94.000000	-84.854240	-7.247978	2.906170	0.544112	0.511571	0.466093	0.474335
95.000000	-86.151676	-7.286112	2.888392	0.533208	0.516164	0.464430	0.483290
96.000000	-87.697704	-7.321933	2.703837	0.535427	0.516563	0.468810	0.476127
97.000000	-88.431838	-7.040312	2.527371	0.533066	0.517921	0.471106	0.475033
98.000000	-89.699385	-7.080134	2.836225	0.541755	0.512622	0.465791	0.476193
99.000000	-90.934695	-7.095108	2.845199	0.531550	0.515859	0.473853	0.476243
100.000000	-92.484198	-7.202389	3.081379	0.539768	0.517679	0.464851	0.473891
101.000000	-93.692930	-7.053463	2.470945	0.534131	0.517251	0.470510	0.475159
102.000000	-95.020599	-7.158005	2.710847	0.526375	0.516680	0.474714	0.480227
103.000000	-95.782336	-7.038567	2.868551	0.541765	0.510446	0.469211	0.475160
104.000000	-97.618495	-6.936280	2.761409	0.536746	0.517296	0.467783	0.474855
105.000000	-98.820386	-6.959265	3.187459	0.535347	0.512281	0.471896	0.477792
106.000000	-100.297658	-7.137136	2.708263	0.539621	0.517749	0.462731	0.476051
107.000000	-101.288027	-7.085129	2.308950	0.538297	0.512215	0.467818	0.478558
108.000000	-102.835095	-7.160694	2.927677	0.534355	0.516952	0.469328	0.476399
109.000000	-104.192422	-6.727923	2.501901	0.534025	0.516248	0.465148	0.481604
110.000000	-105.405318	-6.907090	3.044682	0.537049	0.515913	0.469111	0.474708
111.000000	-106.856179	-7.007561	2.862470	0.533920	0.517266	0.464201	0.481543
112.000000	-108.243845	-6.714728	2.712872	0.530440	0.518631	0.469546	0.478730
113.000000	-110.242451	-7.054314	2.585692	0.471349	0.572763	0.521132	0.422130
114.000000	-111.114522	-7.346856	3.153174	0.384563	0.641936	0.574566	0.331516
115.000000	-112.089122	-8.030290	2.843613	0.282721	0.689792	0.619288	0.246452
116.000000	-113.033929	-9.343945	2.683884	0.186219	0.715542	0.655406	0.154159
117.000000	-113.476268	-10.921687	2.642728	0.122453	0.735941	0.656463	0.111587
118.000000	-113.582247	-12.349409	2.745626	0.078513	0.739025	0.666535	0.058390
119.000000	-113.959267	-13.416305	3.032962	0.049239	0.742648	0.667131	0.031396
120.000000	-114.525647	-15.337662	3.163854	0.021945	0.744444	0.667126	0.016253
121.000000	-114.481111	-16.757431	2.787144	0.008486	0.746656	0.665131	-0.005818
122.000000	-114.340823	-18.278151	2.867131	0.005960	0.749201	0.662308	0.003310
123.000000	-114.446389	-19.695370	2.846378	0.011128	0.742252	0.670012	0.004678
124.000000	-114.335057	-21.385556	2.451911	-0.000284	0.745617	0.666365	0.003682
125.000000	-114.075056	-22.914875	2.809773	0.008379	0.749053	0.662451	-0.002650
126.000000	-114.428371	-24.494372	2.682096	0.012993	0.745284	0.666612	0.003310
127.000000	-114.380753	-25.602847	2.696150	0.007051	0.747312	0.664425	-0.003930
128.000000	-114.370487	-27.558345	2.751530	0.010977	0.746312	0.665501	0.002482
129.000000	-114.191511	-29.512841	2.203543	0.009019	0.740462	0.672036	-0.001769
130.000000	-114.120520	-31.195985	2.634797	0.011039	0.742132	0.670160	0.001939
131.000000	-114.359254	-32.901402	2.932948	0.005710	0.744632	0.667443	-0.003103
132.000000	-114.394257	-33.847221	2.805864	0.016661	0.746907	0.664712	0.003094
133.000000	-114.145602	-36.026662	2.678524	0.010132	0.740597	0.671872	-0.001464
134.000000	-114.189175	-37.322863	2.713533	0.008813	0.746183	0.665675	-0.003254
135.000000	-114.237705	-39.083715	2.565707	0.002183	0.744198	0.667880	-0.010034
136.000000	-113.683628	-41.175653	2.642227	0.007167	0.745997	0.665903	0.003349
137.000000	-114.332054	-42.156204	2.665106	0.000909	0.743678	0.668467	0.009718
138.000000	-114.271665	-44.151363	2.744480	0.006653	0.739165	0.673489	-0.001768
139.000000	-114.358182	-45.609330	2.899297	0.001984	0.746392	0.665453	0.008171
140.000000	-114.219749	-47.626837	2.777497	0.007839	0.739987	0.672575	0.000075
141.000000	-114.449604	-49.391830	2.765753	0.008986	0.747876	0.663771	-0.003094
142.000000	-114.144635	-51.374324	2.614602	0.005720	0.750117	0.661279	0.001413
143.000000	-113.981943	-52.915908	2.977429	0.016235	0.749755	0.661516	-0.001041
144.000000	-114.332307	-54.659221	2.828801	0.015017	0.741786	0.670453	0.004480
145.000000	-114.364632	-56.764209	2.894915	0.015160	0.744170	0.667810	-0.003290
146.000000	-114.465278	-58.247230	2.825563	0.011045	0.735080	0.677888	0.001638
147.000000	-114.448917	-60.004285	2.943247	0.012071	0.749949	0.661381	0.002441
148.000000	-114.696550	-61.984608	3.084210	0.004872	0.748768	0.662812	0.001641
149.000000	-114.368212	-63.571611	2.695378	0.008837	0.742575	0.669700	0.002442
150.000000	-114.535400	-65.719386	2.890217	0.002524	0.747467	0.664293	-0.001123
151.000000	-114.109616	-67.424563	2.917565	0.009320	0.749503	0.661905	-0.006390
152.000000	-114.331282	-69.131373	2.779952	0.013809	0.741386	0.670931	0.002681
153.000000	-114.353149	-71.125757	3.164093	0.002644	0.743221	0.669030	-0.003748
154.000000	-114.087745	-72.782172	2.585982	0.010721	0.740406	0.672003	0.009825
155.000000	-114.811063	-74.807791	2.684479	0.033774	0.740001	0.671129	0.029050
156.000000	-114.656779	-76.770732	2.797285	0.086610	0.743935	0.658577	0.073046
157.000000	-115.464106	-78.221289	2.786945	0.153051	0.726860	0.655906	0.134302
158.000000	-116.300839	-79.942240	2.737148	0.253660	0.699727	0.632357	0.214858
159.000000	-117.537515	-81.207994	2.685764	0.373161	0.646739	0.576952	0.331069
160.000000	-119.211172	-81.812204	2.946622	0.486535	0.557337	0.508399	0.440669
161.000000	-121.479214	-81.833059	2.769624	0.527822	0.525929	0.471821	0.471368
162.000000	-123.137058	-81.841087	2.620352	0.531193	0.512600	0.479714	0.474288
163.000000	-124.900655	-82.036856	3.124273	0.529306	0.520707	0.473590	0.473721
164.000000	-127.316898	-82.137997	2.964137	0.524004	0.530605	0.468643	0.473553
165.000000	-129.306610	-82.074446	3.079473	0.531031	0.518138	0.473599	0.474598
166.000000	-131.081472	-81.809130	2.776355	0.531487	0.523019	0.470969	0.471338
167.000000	-132.933349	-82.300683	3.164870	0.530601	0.514856	0.477978	0.474261
168.000000	-135.046483	-82.178423	2.965640	0.529198	0.527853	0.472495	0.466979
169.000000	-137.206630	-81.861330	2.420085	0.518306	0.521055	0.477530	0.481483
170.000000	-139.025264	-81.905248	2.528643	0.529134	0.524284	0.470215	0.473329
171.000000	-141.020094	-82.178041	2.898431	0.537171	0.529413	0.469983	0.458569
172.000000	-143.171828	-82.124791	2.758467	0.536488	0.519704	0.468817	0.471485
173.000000	-145.336555	-82.119111	2.752943	0.528010	0.526985	0.464518	0.477195
174.000000	-147.062983	-82.147564	2.996659	0.533807	0.523576	0.468305	0.470753
175.000000	-149.192169	-82.585696	3.122143	0.533360	0.514836	0.479191	0.469944
176.000000	-151.321514	-82.187089	2.859952	0.535267	0.518461	0.468946	0.474107
177.000000	-153.436351	-82.044404	2.807171	0.536552	0.516321	0.468220	0.475704
178.000000	-155.478987	-81.620502	3.231891	0.524106	0.522004	0.477886	0.473761
179.000000	-157.628715	-82.400032	2.779569	0.546450	0.512679	0.459025	0.477335
180.000000	-159.726680	-81.972262	2.691595	0.590297	0.454206	0.408528	0.527590
181.000000	-161.161175	-81.072304	2.662695	0.665625	0.321555	0.304247	0.600815
182.000000	-162.742079	-79.553317	2.634571	0.730061	0.133253	0.133694	0.656795
183.000000	-163.442089	-77.445386	2.798044	0.743431	0.008413	0.010126	0.668683
184.000000	-163.201057	-75.582275	2.609534	0.744519	-0.002926	-0.001910	0.667593
185.000000	-162.895650	-73.099617	2.410023	0.743350	-0.004963	-0.000898	0.668884
186.000000	-163.219676	-71.053546	2.524728	0.744459	0.000684	0.008040	0.667620
187.000000	-162.760957	-68.708692	2.868945	0.748497	0.002203	0.010128	0.663057
188.000000	-163.276662	-66.663185	2.999962	0.743206	-0.010965	-0.000189	0.668972
189.000000	-163.275731	-64.313830	3.022225	0.745687	-0.006880	-0.003915	0.666249
190.000000	-163.336174	-62.048595	3.244278	0.742235	-0.004896	-0.000469	0.670122
191.000000	-162.901158	-60.187604	2.564909	0.748535	-0.006501	-0.002930	0.663057
192.000000	-163.254372	-58.292328	3.054612	0.745249	-0.006019	-0.003603	0.666750
193.000000	-163.059316	-55.822356	2.798041	0.742270	-0.006031	-0.009831	0.670002
194.000000	-163.476842	-53.411754	2.688149	0.742567	-0.001607	-0.007762	0.669725
195.000000	-163.266207	-51.524638	2.696429	0.738266	-0.020753	-0.000157	0.674190
196.000000	-163.024282	-49.236055	2.959630	0.743469	-0.007077	-0.003254	0.668725
197.000000	-163.416694	-47.308967	2.911655	0.746803	-0.008292	0.006590	0.664961
198.000000	-163.155090	-44.610043	2.420469	0.748402	-0.009439	-0.009327	0.663113
199.000000	-163.059905	-42.621642	2.986644	0.740861	-0.006231	-0.004592	0.671613
200.000000	-162.818429	-40.571721	2.946751	0.741615	-0.004377	0.002505	0.670807
201.000000	-163.050418	-38.601437	2.734439	0.742169	-0.008422	0.002322	0.670156
202.000000	-162.993826	-36.178053	2.585452	0.745393	-0.006901	-0.002198	0.666585
203.000000	-163.258565	-34.014481	2.627787	0.743125	-0.015354	-0.005051	0.668958
204.000000	-163.308054	-31.670896	2.534480	0.744741	-0.012625	-0.011884	0.667128
205.000000	-163.185559	-29.261264	2.771662	0.747751	-0.009022	-0.002424	0.663913
206.000000	-163.380112	-26.917931	2.703972	0.744584	-0.007940	0.002354	0.667477
207.000000	-162.981608	-24.800960	2.719316	0.741932	-0.012458	-0.000623	0.670359
208.000000	-163.055451	-22.558721	2.825978	0.743658	-0.013013	-0.006897	0.668398
209.000000	-163.022711	-20.239246	2.722240	0.743184	-0.003956	0.004749	0.669059
210.000000	-162.967676	-17.517666	2.442266	0.742491	-0.006357	0.003672	0.669815
211.000000	-163.246041	-15.711419	2.661963	0.746735	-0.000154	-0.000965	0.665121
212.000000	-163.344527	-13.475050	2.677036	0.749391	-0.004313	0.000396	0.662113
213.000000	-163.128638	-10.908613	2.438539	0.742991	-0.012823	0.000347	0.669178
214.000000	-163.008011	-8.923023	2.958841	0.745983	-0.018082	0.000875	0.665719
215.000000	-163.071397	-6.788231	2.348376	0.745013	-0.006318	0.003830	0.667009
216.000000	-163.058596	-4.176033	2.866130	0.748498	-0.008093	-0.001797	0.663086
217.000000	-162.951185	-2.138867	2.722743	0.746131	-0.004255	0.007913	0.665738
218.000000	-163.198012	0.271984	2.708855	0.739022	-0.002480	-0.005758	0.673652
219.000000	-163.020976	2.709312	2.911236	0.744251	-0.008025	-0.001621	0.667849
220.000000	-163.268848	5.001654	2.720999	0.745531	-0.006274	-0.004004	0.666430
221.000000	-163.113279	6.828860	2.736337	0.748868	-0.010643	-0.003340	0.662626
222.000000	-163.556625	8.989819	2.607389	0.745874	-0.001029	-0.008247	0.666036
223.000000	-162.972188	11.637825	3.006857	0.740772	-0.006771	0.005807	0.671697
224.000000	-163.640320	14.427529	2.980029	0.745226	-0.009708	0.000374	0.666741
225.000000	-163.248939	16.466126	2.918992	0.743925	-0.009302	-0.000647	0.668198
226.000000	-163.364042	18.713576	2.887956	0.743087	0.002046	0.000466	0.669192
227.000000	-163.531358	21.040313	2.926992	0.740477	-0.004417	-0.003502	0.672058
228.000000	-163.237126	23.609260	2.920556	0.742361	-0.004974	-0.001876	0.669979
229.000000	-163.242603	25.800449	2.860525	0.746570	-0.005338	0.004465	0.665270
230.000000	-163.031570	28.164691	2.908030	0.747868	-0.004755	-0.000347	0.663831
231.000000	-163.291200	29.988766	2.639884	0.746678	-0.004713	0.002560	0.665164
232.000000	-163.207823	32.711626	2.787574	0.744808	-0.006994	0.003252	0.667234
233.000000	-163.279492	35.091896	2.891780	0.743165	0.001508	0.005114	0.669087
234.000000	-163.039352	37.259414	2.636608	0.742742	-0.008273	-0.002698	0.669521
235.000000	-163.111566	39.772040	2.781858	0.744467	-0.011251	-0.003737	0.667554
236.000000	-163.340307	42.003160	2.744203	0.748091	-0.009054	0.001867	0.663532
237.000000	-163.322377	44.646148	3.029990	0.744035	-0.001134	-0.004746	0.668123
238.000000	-162.996134	46.708027	2.876203	0.747680	-0.003133	0.005867	0.664026
239.000000	-163.404690	49.434528	3.000599	0.743453	-0.001182	-0.005412	0.668765
240.000000	-163.190005	51.517804	2.906239	0.744372	-0.008163	0.005480	0.667693
241.000000	-163.542065	54.059267	2.983552	0.739616	-0.006306	0.008129	0.672951
242.000000	-163.523574	56.692056	2.762806	0.740909	-0.016196	-0.006491	0.671379
243.000000	-163.203435	58.604273	2.804736	0.741236	-0.002322	0.005906	0.671214
244.000000	-163.251137	61.246466	2.656074	0.743893	-0.007620	0.002596	0.668250
245.000000	-163.173987	63.090408	2.859219	0.748587	-0.006825	0.000564	0.663001
246.000000	-163.517019	66.027442	3.396560	0.740356	-0.001981	-0.001209	0.672211
247.000000	-163.191605	67.779463	2.801222	0.741464	-0.008407	-0.000944	0.670939
248.000000	-163.365609	70.366820	2.772586	0.739583	-0.004880	0.004396	0.673033
249.000000	-163.412968	72.673471	2.953356	0.746819	-0.015928	-0.007948	0.664789
250.000000	-162.666688	74.820486	2.468981	0.727370	-0.150263	-0.129351	0.656980
251.000000	-161.254125	76.587132	3.007351	0.655181	-0.363304	-0.307529	0.586663
252.000000	-159.764425	77.688313	2.612191	0.549648	-0.505951	-0.440511	0.497846
253.000000	-156.885581	77.324332	2.895206	0.520732	-0.538961	-0.466901	0.469428
254.000000	-154.768498	77.327200	2.837024	0.523693	-0.530942	-0.465012	0.477085
255.000000	-152.300236	77.814275	2.768300	0.527849	-0.522378	-0.477697	0.469363
256.000000	-150.009785	77.582012	2.638249	0.518666	-0.528075	-0.480437	0.470429
257.000000	-147.201182	77.650781	2.865167	0.523381	-0.529401	-0.472671	0.471581
258.000000	-144.921937	77.387750	3.006617	0.530769	-0.534223	-0.469432	0.461002
259.000000	-142.704007	77.521821	2.918234	0.515789	-0.539945	-0.468729	0.471926
260.000000	-140.320345	77.615755	3.060923	0.523346	-0.530966	-0.464751	0.477693
261.000000	-138.016582	77.581030	2.503987	0.514482	-0.546406	-0.466141	0.468467
262.000000	-135.619764	77.898349	2.785557	0.514967	-0.538439	-0.472413	0.470869
263.000000	-133.356053	77.409097	2.511634	0.516499	-0.539716	-0.476228	0.463835
264.000000	-131.093318	77.497108	2.804632	0.518635	-0.532593	-0.474069	0.471828
265.000000	-128.608950	77.686745	2.890031	0.513532	-0.530634	-0.474099	0.479523
266.000000	-126.427138	77.703122	2.628172	0.515707	-0.533809	-0.479370	0.468293
267.000000	-124.100526	77.111958	3.038270	0.520189	-0.535255	-0.476224	0.464884
268.000000	-121.734025	77.421555	2.686734	0.522342	-0.540003	-0.465706	0.467625
269.000000	-119.358217	77.357807	2.906391	0.521748	-0.532999	-0.472270	0.469737
270.000000	-117.001606	77.483170	2.712166	0.516581	-0.532701	-0.476308	0.471704
271.000000	-114.161831	77.582626	2.630040	0.516451	-0.527706	-0.482068	0.471610
272.000000	-112.580175	77.561805	2.634272	0.521433	-0.534236	-0.471245	0.469711
273.000000	-110.219912	77.694260	2.491498	0.531331	-0.524352	-0.474955	0.466005
274.000000	-107.628828	77.548879	3.085856	0.526345	-0.529574	-0.472376	0.468373
275.000000	-105.363439	77.515679	2.292258	0.516773	-0.537102	-0.471592	0.471241
276.000000	-103.177494	77.634987	2.523696	0.526091	-0.531160	-0.472497	0.466738
277.000000	-100.647257	77.524881	2.384790	0.517090	-0.529169	-0.478850	0.472547
278.000000	-98.246199	77.167521	2.513116	0.520144	-0.533384	-0.472236	0.471111
279.000000	-96.314995	77.447684	2.223337	0.516963	-0.525632	-0.481042	0.474403
280.000000	-93.856437	77.088093	2.902142	0.520097	-0.527090	-0.474847	0.475599
281.000000	-91.726621	77.634480	2.789794	0.517777	-0.534606	-0.479103	0.465364
282.000000	-89.149841	76.984091	2.575521	0.520732	-0.531744	-0.470024	0.474514
283.000000	-86.835259	77.289050	2.521510	0.521486	-0.533857	-0.472770	0.468549
284.000000	-84.436399	77.411217	2.518109	0.524097	-0.535735	-0.469435	0.466841
285.000000	-82.499073	77.378075	2.726014	0.518776	-0.537256	-0.468699	0.471752
286.000000	-79.935177	77.755667	2.377286	0.517581	-0.539362	-0.470933	0.468424
287.000000	-77.740240	77.383574	2.863051	0.512826	-0.533216	-0.478216	0.473287
288.000000	-75.154241	77.243097	2.763740	0.516492	-0.538679	-0.471054	0.470287
289.000000	-73.096671	77.476686	2.713253	0.519743	-0.536655	-0.471470	0.468599
290.000000	-70.995262	77.111350	2.912150	0.518815	-0.538981	-0.468445	0.469989
291.000000	-68.667742	77.455196	2.850854	0.524901	-0.529830	-0.476738	0.465275
292.000000	-66.468008	77.389778	2.712768	0.520388	-0.524561	-0.477312	0.475611
293.000000	-63.816612	77.254489	2.787862	0.514445	-0.535040	-0.479827	0.467809
294.000000	-61.955049	77.202107	2.755035	0.522513	-0.523280	-0.476358	0.475649
295.000000	-59.927492	77.081897	2.656498	0.525259	-0.526678	-0.470807	0.474398
296.000000	-57.404644	76.937814	3.003993	0.524664	-0.528138	-0.476385	0.467819
297.000000	-54.899061	77.222212	3.022138	0.511107	-0.541944	-0.480551	0.462749
298.000000	-52.763796	77.456008	2.796181	0.524307	-0.539536	-0.467530	0.464132
299.000000	-50.637631	77.151313	2.576355	0.516791	-0.533623	-0.473665	0.473090
300.000000	-48.092813	77.604587	2.547111	0.525849	-0.533119	-0.467626	0.469674
301.000000	-46.352360	77.103588	2.831906	0.520714	-0.535059	-0.467840	0.472962
302.000000	-43.973694	77.703007	2.728781	0.518497	-0.529527	-0.480323	0.469097
303.000000	-41.996209	77.130020	2.619067	0.523792	-0.537681	-0.475516	0.458721
304.000000	-39.781561	77.281929	2.808108	0.523705	-0.534556	-0.471237	0.466818
305.000000	-37.500886	77.542718	2.544775	0.508291	-0.535933	-0.477566	0.475759
306.000000	-35.116700	77.496070	2.849789	0.516438	-0.532492	-0.476592	0.471809
307.000000	-32.655574	77.091551	2.463286	0.518439	-0.526109	-0.472343	0.480960
308.000000	-30.733032	77.384494	2.290952	0.511517	-0.538799	-0.476189	0.470415
309.000000	-28.939856	77.007620	2.740081	0.511696	-0.540379	-0.479657	0.464850
310.000000	-26.605934	76.883054	2.585319	0.520861	-0.531509	-0.463973	0.480554
311.000000	-24.521566	77.350219	3.087929	0.516696	-0.529535	-0.475069	0.476369
312.000000	-22.321586	76.865826	3.056239	0.525085	-0.536876	-0.470601	0.463233
313.000000	-19.886091	76.777936	2.659281	0.514814	-0.534767	-0.475649	0.471963
314.000000	-17.912497	77.187361	2.588358	0.522490	-0.526739	-0.479200	0.468953
315.000000	-15.662357	77.470360	2.738426	0.521111	-0.536200	-0.473758	0.465281
316.000000	-13.619616	77.430849	2.718489	0.524970	-0.529426	-0.478285	0.464068
317.000000	-11.785650	76.882570	3.058768	0.518054	-0.534066	-0.475433	0.469422
318.000000	-9.334929	77.183498	2.712046	0.519173	-0.529610	-0.476001	0.472649
319.000000	-7.692401	77.331282	3.022807	0.520206	-0.535047	-0.470643	0.470750
320.000000	-5.171615	77.336830	3.029154	0.490340	-0.556988	-0.501494	0.444786
321.000000	-3.229029	76.866598	3.285650	0.367127	-0.651201	-0.572241	0.337187
322.000000	-1.585310	75.506085	2.705815	0.221094	-0.705575	-0.634666	0.224679
323.000000	-1.098667	73.551196	2.686651	0.131834	-0.733048	-0.655177	0.126509
324.000000	-0.268364	71.121582	3.116850	0.071153	-0.739084	-0.665645	0.074897
325.000000	0.100977	69.387930	2.634031	0.029352	-0.747865	-0.662345	0.033704
326.000000	0.266032	67.064327	2.418604	0.009906	-0.739464	-0.673108	0.004526
327.000000	0.464053	65.549860	2.799051	-0.003614	0.745361	0.666568	-0.010480
328.000000	0.462552	63.622398	2.881757	0.000388	0.742121	0.670263	-0.002130
329.000000	0.486324	60.852543	2.709109	0.004241	0.741813	0.670578	-0.004580
330.000000	0.424991	59.406998	2.711567	0.002715	0.745830	0.666111	-0.005108
331.000000	0.757704	57.166753	2.509123	-0.010422	0.752281	0.658760	-0.000541
332.000000	0.390580	55.143406	3.126266	-0.002222	0.748106	0.663553	0.005535
333.000000	0.508769	53.073351	2.821979	-0.000399	0.745897	0.666061	-0.000026
334.000000	0.406007	51.524525	2.672168	-0.001128	0.740969	0.671507	-0.006474
335.000000	0.541702	49.377753	2.862067	-0.005166	0.741785	0.670609	-0.003356
336.000000	0.731647	47.315136	2.948584	0.001417	0.742551	0.669788	-0.000136
337.000000	0.373438	45.468997	2.572046	0.000790	0.743433	0.668794	-0.004471
338.000000	0.689331	43.643577	2.826758	0.008046	0.745548	0.666399	0.002531
339.000000	0.536267	41.331434	2.685231	0.002183	0.749772	0.661692	0.001334
340.000000	0.872828	39.419891	3.111848	0.005148	0.746234	0.665662	-0.001843
341.000000	0.353856	37.798840	2.813490	0.000987	0.745375	0.666522	-0.012768
342.000000	0.387465	36.069805	2.556768	-0.007471	0.744297	0.667720	-0.010780
343.000000	1.134915	34.103475	2.759492	-0.005743	0.748215	0.663358	-0.009896
344.000000	0.811486	31.940351	2.871515	-0.002125	0.751915	0.659256	0.000396
345.000000	0.478896	29.816530	3.201822	-0.000542	0.744242	0.667892	-0.004971
346.000000	0.566340	27.743029	2.789618	0.004498	0.743589	0.668605	0.004651
347.000000	0.917031	26.164613	2.896020	-0.002562	0.741234	0.671219	-0.005482
348.000000	1.026595	24.723648	3.021850	-0.001512	0.741845	0.670551	-0.004891
349.000000	1.063169	22.545333	2.883459	0.002917	0.738945	0.673733	-0.005980
350.000000	1.239428	20.879109	2.607753	-0.001180	0.742180	0.670198	0.001574
351.000000	1.122840	19.041759	2.749492	-0.004528	0.742971	0.669309	0.000430
352.000000	1.071605	16.745331	2.650140	-0.001146	0.740643	0.671887	-0.003924
353.000000	1.325746	15.632881	2.923055	-0.001776	0.745548	0.666409	-0.007357
354.000000	1.557694	13.994119	3.089768	0.005082	0.738537	0.674161	-0.006700
355.000000	1.180824	11.798032	2.777317	0.002731	0.748776	0.662784	-0.006643
356.000000	1.156762	10.232272	2.992657	0.004336	0.751946	0.659209	-0.001432
357.000000	1.441783	8.117981	2.642353	-0.000670	0.746103	0.665830	0.000229
358.000000	1.161697	6.635742	2.813565	0.012228	0.746500	0.665265	0.003388
359.000000	0.995417	5.198513	2.746411	0.002200	0.742998	0.669290	0.000353
360.000000	1.299446	3.303918	3.107757	-0.002965	0.750634	0.660633	-0.010216
361.000000	1.398335	1.179648	2.840498	-0.004977	0.738500	0.674235	0.000184
362.000000	1.406813	-0.595720	2.935248	0.002125	0.744901	0.667158	-0.004198
363.000000	1.182232	-2.082233	2.713468	-0.000387	0.746031	0.665858	-0.008403
364.000000	1.162326	-3.821505	2.655024	0.080498	0.737661	0.666579	0.071055
365.000000	0.491424	-5.321368	2.860646	0.228758	0.710141	0.634898	0.200687
366.000000	-0.385695	-6.193981	2.618017	0.355664	0.648162	0.591887	0.321029
367.000000	-2.111202	-7.080770	2.509359	0.453044	0.589658	0.536362	0.399213
368.000000	-3.565516	-7.131072	2.721282	0.504881	0.553190	0.496267	0.439085
369.000000	-5.207231	-7.591106	3.101540	0.529518	0.518991	0.483534	0.465246
370.000000	-6.991310	-7.600243	2.703241	0.533235	0.516379	0.465689	0.481817
371.000000	-8.963817	-7.393602	2.825871	0.537879	0.514143	0.465181	0.479531
372.000000	-10.098878	-7.445495	2.662961	0.535026	0.514118	0.470818	0.477242
373.000000	-11.623503	-7.551091	2.371626	0.526374	0.520850	0.472014	0.478381
374.000000	-13.496538	-7.804955	2.781790	0.532553	0.519425	0.463569	0.481341
375.000000	-14.919870	-7.688654	3.120437	0.540993	0.513935	0.462432	0.478908
376.000000	-16.564339	-7.319897	2.715399	0.540812	0.512044	0.466758	0.476938
377.000000	-17.683850	-7.312297	2.551676	0.534810	0.513871	0.471940	0.476642
378.000000	-19.567033	-7.692116	2.583571	0.536492	0.514195	0.469423	0.476888
379.000000	-21.045684	-7.351983	2.854543	0.530137	0.519662	0.470627	0.476882
380.000000	-22.810247	-7.247663	2.697639	0.542858	0.510264	0.468638	0.474672
381.000000	-24.250433	-7.566322	2.978429	0.539268	0.516714	0.467286	0.473117
382.000000	-25.865952	-7.508823	2.726552	0.529719	0.522588	0.471478	0.473295
383.000000	-26.928687	-7.048451	2.364600	0.538680	0.512943	0.477301	0.467864
384.000000	-28.421167	-7.616249	2.693811	0.532532	0.513797	0.466571	0.484494
385.000000	-30.164844	-7.154625	2.924090	0.533419	0.509991	0.470635	0.483607
386.000000	-30.866692	-7.026912	2.987000	0.536229	0.517685	0.471577	0.471248
387.000000	-32.693710	-7.559542	3.038692	0.539447	0.519710	0.473819	0.463027
388.000000	-34.218101	-7.206267	2.981849	0.537047	0.511886	0.466327	0.481760
389.000000	-35.325843	-7.394392	2.996383	0.542142	0.518293	0.462268	0.473035
390.000000	-37.598400	-7.120639	3.160511	0.533554	0.515217	0.467837	0.480625
391.000000	-38.511862	-7.202526	3.088591	0.535322	0.518808	0.462410	0.480047
392.000000	-39.873028	-7.427920	2.816823	0.524433	0.524353	0.467927	0.480696
393.000000	-41.190566	-6.953955	2.686481	0.533208	0.518891	0.463317	0.481433
394.000000	-42.788783	-6.938309	2.725755	0.534804	0.516881	0.467928	0.477349
395.000000	-43.813866	-7.161398	2.922231	0.536163	0.524276	0.467458	0.468132
396.000000	-45.689621	-6.912486	3.023340	0.532186	0.512038	0.473925	0.479573
397.000000	-46.539194	-7.267452	2.732193	0.531768	0.516987	0.471646	0.476967
398.000000	-47.775492	-7.226244	3.084239	0.534842	0.519519	0.463809	0.478462
399.000000	-49.161813	-7.190864	2.636716	0.542992	0.511589	0.467440	0.474274
400.000000	-50.358916	-6.963107	2.688639	0.533815	0.516727	0.465872	0.480623
401.000000	-51.850784	-7.027321	2.704315	0.535013	0.519796	0.468863	0.473012
402.000000	-52.842091	-6.521646	2.649315	0.529738	0.514168	0.480513	0.473409
403.000000	-54.268699	-6.899731	2.955685	0.541057	0.518402	0.465848	0.470641
404.000000	-55.755141	-6.754928	2.744288	0.536947	0.513388	0.467111	0.479508
405.000000	-56.702526	-6.734451	3.152012	0.535164	0.513411	0.472988	0.475701
406.000000	-57.969532	-6.757065	2.780479	0.535437	0.519136	0.463341	0.478664
407.000000	-59.243034	-6.775406	3.154961	0.537507	0.512995	0.469827	0.476639
408.000000	-60.117616	-6.547440	2.295711	0.542347	0.510540	0.469689	0.473921
409.000000	-61.378414	-7.011788	2.854068	0.536402	0.515870	0.473239	0.471377
410.000000	-62.592992	-6.434784	2.838402	0.538434	0.513435	0.467551	0.477356
411.000000	-63.794892	-6.607635	3.168743	0.537801	0.512105	0.472183	0.474933
412.000000	-64.480675	-6.958048	2.834050	0.537903	0.513026	0.474168	0.471836
413.000000	-65.699657	-6.489555	3.137537	0.538353	0.518062	0.466141	0.473814
414.000000	-67.077798	-6.458957	3.160252	0.532679	0.517870	0.472769	0.473871
415.000000	-68.116146	-6.339509	2.657642	0.532212	0.523613	0.465467	0.475310
416.000000	-68.911805	-6.752128	2.543574	0.528316	0.520256	0.471903	0.476995
417.000000	-69.924030	-6.328601	2.953344	0.536805	0.510472	0.470758	0.479214
418.000000	-71.117954	-6.593327	2.618690	0.525007	0.524443	0.468615	0.479299
419.000000	-72.446921	-6.929243	2.750274	0.529609	0.522858	0.479110	0.465390
420.000000	-73.528939	-6.783164	2.667459	0.538951	0.519682	0.462116	0.475302
421.000000	-74.280019	-6.434171	2.801867	0.529180	0.529873	0.461621	0.475510
422.000000	-75.608630	-6.254295	2.900990	0.536221	0.517875	0.475474	0.467116
423.000000	-76.642901	-6.842948	2.924146	0.532661	0.528317	0.459814	0.475105
424.000000	-77.479815	-6.622519	2.808833	0.533378	0.512360	0.473410	0.478411
425.000000	-78.184991	-6.726102	2.592323	0.535468	0.517424	0.477235	0.466682
426.000000	-79.299054	-6.213714	2.612319	0.534693	0.517468	0.466800	0.477941
427.000000	-80.223877	-6.764203	2.840166	0.525274	0.525159	0.473176	0.473708
428.000000	-80.977137	-6.314372	2.344845	0.535865	0.519264	0.465934	0.475520
429.000000	-82.071902	-6.701634	2.546816	0.531930	0.518189	0.477226	0.469879
430.000000	-83.250158	-6.417738	2.468551	0.537939	0.516250	0.471057	0.471395
431.000000	-83.745064	-6.834561	2.716116	0.537150	0.505894	0.474671	0.479822
432.000000	-84.696450	-6.266571	2.878749	0.530366	0.518123	0.470023	0.478894
433.000000	-85.674935	-7.004373	3.254655	0.535888	0.509883	0.473875	0.477793
434.000000	-86.592632	-6.496685	2.780880	0.532657	0.519762	0.469880	0.474696
435.000000	-87.458755	-6.474593	2.568177	0.532069	0.524383	0.464399	0.475666
436.000000	-88.181742	-6.720739	2.690995	0.535163	0.514395	0.469483	0.478105
437.000000	-89.151077	-6.747880	2.873349	0.540662	0.513503	0.473565	0.468759
438.000000	-89.894957	-6.430879	2.986074	0.537037	0.520144	0.463590	0.475528
439.000000	-90.878428	-6.758312	2.689890	0.531436	0.521471	0.472833	0.471246
440.000000	-91.460463	-6.555189	2.780783	0.537537	0.518600	0.471624	0.468698
441.000000	-92.258359	-7.112104	3.018877	0.532419	0.525085	0.472482	0.466451
442.000000	-92.754023	-6.963099	2.826453	0.538205	0.518458	0.465873	0.473813
443.000000	-93.315735	-6.554697	2.797783	0.530346	0.515546	0.471348	0.480392
444.000000	-94.123920	-6.321124	2.715491	0.537755	0.511993	0.479731	0.467484
445.000000	-94.832978	-6.873692	2.704779	0.529224	0.520814	0.475724	0.471552
446.000000	-95.605610	-6.407238	2.993306	0.526465	0.523649	0.473781	0.473454
447.000000	-96.316989	-6.443378	2.675373	0.534080	0.514872	0.477914	0.470386
448.000000	-96.948940	-6.659288	2.772251	0.523810	0.520182	0.478733	0.475235
449.000000	-97.904826	-6.545803	2.574941	0.536637	0.516297	0.471212	0.472671
450.000000	-98.239000	-6.102265	2.902454	0.529894	0.527403	0.474632	0.464525
451.000000	-99.279406	-6.820223	2.831540	0.528854	0.521868	0.466424	0.480016
452.000000	-99.536951	-6.443719	2.870014	0.531536	0.521741	0.468201	0.475440
453.000000	-100.435419	-6.497927	2.776320	0.531650	0.520461	0.468272	0.476645
454.000000	-101.058197	-6.474778	2.633285	0.533598	0.518414	0.467848	0.477115
455.000000	-101.537197	-6.540166	2.764642	0.530940	0.521630	0.470183	0.474271
456.000000	-102.276442	-6.482568	2.524883	0.533939	0.517119	0.476995	0.469013
457.000000	-102.569300	-6.589006	2.713986	0.534752	0.524843	0.467519	0.469047
458.000000	-102.893987	-6.877360	3.243143	0.530775	0.518964	0.469628	0.477916
459.000000	-103.696710	-6.655446	3.116168	0.529225	0.514524	0.468224	0.485750
460.000000	-104.065327	-6.491750	2.955260	0.533338	0.521575	0.469482	0.472331
461.000000	-104.636950	-6.486924	2.869318	0.529554	0.521656	0.469603	0.476362
462.000000	-104.919082	-6.418002	2.947016	0.532112	0.523775	0.471650	0.469110
463.000000	-105.672090	-6.094636	2.859605	0.531175	0.517350	0.473547	0.475348
464.000000	-106.048134	-6.869755	2.968055	0.523630	0.522483	0.478613	0.473025
465.000000	-106.066477	-6.402984	3.022858	0.531086	0.525996	0.473524	0.465887
466.000000	-106.771196	-6.512041	2.577453	0.524466	0.519351	0.472248	0.481864
467.000000	-107.614633	-6.546971	2.743507	0.525124	0.519740	0.486261	0.466545
468.000000	-107.618411	-6.678178	2.776275	0.533903	0.528698	0.467139	0.466056
469.000000	-108.429085	-6.565238	2.670681	0.533834	0.523215	0.471574	0.467852
470.000000	-108.631121	-6.403868	2.582868	0.530200	0.514715	0.476229	0.476616
471.000000	-108.950992	-6.454898	3.036129	0.532094	0.515382	0.476901	0.473100
472.000000	-109.198062	-6.861490	2.915268	0.528209	0.522149	0.471292	0.475647
473.000000	-109.801956	-6.359336	2.599550	0.528148	0.520809	0.467618	0.480781
474.000000	-109.952319	-6.490890	2.571169	0.529474	0.517203	0.473254	0.477692
475.000000	-110.030376	-6.162173	2.867145	0.536495	0.517192	0.468757	0.474292
476.000000	-111.077127	-6.763724	2.643937	0.534989	0.520830	0.469998	0.470770
477.000000	-111.210360	-6.685877	2.542045	0.532318	0.518286	0.464742	0.481697
478.000000	-111.041972	-6.892125	2.732213	0.533504	0.529403	0.463101	0.469727
479.000000	-111.613142	-6.541193	2.612758	0.535946	0.519988	0.469377	0.471232
480.000000	-111.822219	-6.343103	2.951628	0.527121	0.527466	0.471439	0.470817
481.000000	-111.877423	-6.638133	3.243020	0.541312	0.515147	0.474313	0.465437
482.000000	-111.852507	-6.646362	2.441514	0.533552	0.522481	0.477367	0.463095
483.000000	-112.779369	-6.601679	2.949206	0.530850	0.516006	0.478687	0.472012
484.000000	-112.909978	-6.575053	2.866191	0.535929	0.518325	0.472573	0.469888
485.000000	-112.940213	-6.338423	2.613194	0.523987	0.524478	0.473085	0.475974
486.000000	-113.108533	-6.540118	2.974037	0.529341	0.524658	0.471690	0.471213
487.000000	-113.258124	-6.639990	2.604030	0.528341	0.516161	0.473931	0.479399
488.000000	-113.500184	-6.416682	2.405255	0.537013	0.520469	0.470020	0.468839
489.000000	-113.339369	-6.816654	2.557042	0.532500	0.516342	0.475013	0.473495
490.000000	-113.897969	-6.424178	2.897338	0.533797	0.524418	0.463661	0.474410
491.000000	-113.795204	-6.585326	2.863767	0.532313	0.513514	0.480513	0.471225
492.000000	-113.745494	-6.116264	2.982236	0.534037	0.526864	0.469051	0.466058
493.000000	-113.963237	-6.673996	2.879860	0.535185	0.516668	0.469052	0.476048
494.000000	-114.244680	-6.459600	3.033776	0.527514	0.525563	0.469157	0.474767
495.000000	-114.172300	-6.520823	2.380742	0.528234	0.518509	0.476564	0.474345
496.000000	-114.325717	-6.760620	2.720804	0.531310	0.517035	0.478305	0.470753
497.000000	-114.423205	-6.369401	2.709064	0.540663	0.516464	0.468154	0.470935
498.000000	-114.057982	-6.989788	2.770128	0.532119	0.525290	0.471105	0.467954
499.000000	-114.382300	-6.933769	2.995142	0.537528	0.520988	0.468699	0.468995
500.000000	-114.462814	-6.806470	2.646420	0.537689	0.519977	0.474460	0.464114
